45242
14232
5
4
242
222
24626
6262622
6442238
72
31
646
64646
64223
722621
32222
5212525
22421254
525622888
3
2228122
556252
5225
5412
3462
1
72
5
24567222
23263
2
2
3222222
262346
22
71
2
2
1
262326621
2
26222
62
3
6
322
3
5
2222
42
64
2
67
4423212
622226
2
322
263223
282864
6
252224
2261
2264
222626
622222
12232
2524
262532
622862
27114222225
56224824
3226223
2242
4241
22
74
542523
125211
22222
432265
268236
22221
242425
521251
5226
2
283
522
2522221
2
6
22535
252352
2161
2
2554541214844
322822
3
2523
62221263
2
2545
2
3
2
6444346
2644452
4262221
2123222614
6222
5
6
7
452
64525226
223422
5
222212
34237446
212
6462226
44262265
2262234
2
552422363322
425422
262
522
434
2212223
57452
44222421
25
6222
24622542
2242458
222421
24361462
4222621
222635
225
256
4
642257
4626255
226525233
41
4
251
22
47
2123
26
3462326
5
2266
2
2
162641
4844
52626
1215142
4
4623
3
45
2451421
125522814
2222287
2
4242243
243
2451
25441225
582421467
252634522
51442126247
52455264
265132432266
4222448541
2531424226
24
443346
223223
3462346
34222524
623432224273
2426242465
214422164
64526256
26412466654327
56646344625
2626
342432826824
62663262
5225
2644
52
6282212
883321
262522
72
72222
124
3845
3288
626242
6261
1262
1232
6245
441658
2
2
43648666564252266
224542521628282265
55248
44252
2122
23232
226252
54228
2226
44152
36456
4
2
4
42786
3382625
4834621
226
2622
2
552828252286
232426
85465
6412247212
1
5264221
64122222
12
362
46
526365222
6225612
2
258226
2228283
62
18124
86864
4
58122826
232621442
48
422354825264
2
5587
222
222
442212241265
5
264422
5522
522254
46
424282
62
42222526221388
5222
5622256
162822
225
24
2
222
22
815
52218523
1
7
25
545
2541
62
822522842
221
182625214654
46252
51246
62625
22
1224
8
2223
222145
26222
42
6222124
45121
52246
2456
65
24262
6
24546
3742624
7
542623
2222622
4417
42223
644225
2326
15
57
8
8
24261
14
252442
4
25
2421
5557
382
83223
4638
2
8
583
456
2845882
27255282
254288
6
5
62
7264358
8633626222
652
3
41
64
882
2666
62622
263
532
25242826
64
14
31464121
23222442
1
42
32
17
22
5268
1812412
122675
8
1281
8
4
42
21
2622634
2354423
2643
212
462
2
822286241
6
2
52646325427
26
52
62
4
8
52
2
2
2
2
2
2
26
8
4
4
5
23
52
27
466522522625532
254223212256687
46686422462
325221658
5262268
5212541
54623436
12241527
64223
23464522243
22
866
265
5462
5
42225
4
46221
2
2564262
544222
2
6
1245
66335423
24241554
62222223
262
6
264
2666
62
462
622434
622522
82
2262125
6244
622
26641
32526
234225222
23632433462
326254223
324262
2
2
4
44412627
321454455
264
5646
6262623
63256233
64616
2226
6432
2152824
522222682
2
222222
222263
6251
5
5242
5812256
3432525
2
5
22222
2
46223
4
122
2
211
462
48
62
2224
2222
226262
13224
5222
3
1221
44
441
14
28
5
4
25
24
5262
644225
6224626
66841
1624221
2644222
25
452
5
26264
25465
4
5
4
54
3
225526
44274
2
5
2
1
3
5
2
3
5
252252266
22382262
26883
825288623
24
1821456
4
22412685
226644646
11212142
52343446
2
5226
56424143
425442
225562
2528832432
242141425466
62441
415
4
4
64
234
252226
262222
2423
252
254822321
225255
2226255
2224224
68
22
6
6
324427
26
5252443
22
52
4122252
2225122
1212
72
51
6
2
3
22265225
4126221
5322122
2
62
7
6
62
542
212
252
21262643
625222
5124627
62623452
25438322283
2862
612222
425246
3
3
2
6
27
221
34641
274245
1226
22
5
222252
44422
8
2
222262
2
525
52
2
5
6222218
24626
2
2
23522221
21522
2522
2
3
2
5
7822
22524
32222252
2
223
7
1
221215
26212268
544424
2262
12247
2445266
56442
63242
65252
2641228
452226
8
144
2
4624
3225
2
1
224122524
18
25244326
6
22224651
2526421
6
122255
62612
324225
2246
25
6
124266
12672212
52
526
62262
4521
2
2
3
241
162
6
3
5
225
1
128
526
125
523
126
625
121
624
126
624
6
123
5
228
6
121
8
322
522
485
5426824
524248
12122125
22
2242625
215628421
152126552
245
2462
54
72
2625622
62232
6223236
26222465
522421422
37
31814621
524423
3
4
26
2726
2222524
22225
2226
8826
523
6412
564
14262
625
6
52563
22285
8625
1282
522682
44642
58228
4268
23
64
2222
2722222
2
22287
2
6325222224
52224
224582
232544
2
22216
286622
6
655632466
22625223
5
562234321
2126412
2526251
135262
2
122
1425523456543
4344623426657
26
42
3321
52452223632224
224622652146343
12663641
22641
5323428842
627226465
65224
52222422
22451
52443
28124
622644
4222262
46452
52448
35282
245
253232626
2
425234222
422212
4
442562
36521224
2262221
221252325
656212246
2
16456
5544262
6224
226
1
5
464
42221
7
6
222222
2224223
22212
2
1252
2
4
2125
212
66227622225
2228827
222
222
32826243
462
522382427
225524262
1444226
32644
554826
2525
5242243
4
4
21228
47
566
122
72
2223
4
6252746
52221555
1
2
22241
8
1
22421
2
64
16
3
224625
24221
3464
2
2
22222
42256
51
21
12
12
5242
465
2
4
2
2
7
6
2
2228
1125123
246264
552628
5225226822
222282286
1
2
5223246
221
52262862615
13
22
342
2542112
2428
52227
57
26222
455222
3648222
212
6851
4184
5654126242
4
3444
61262225
2
326462122572
542251
56222222652
4
6
74
17656
2444122426
2282212
22266644
8221526261
543265
2551222126
42221266
5685246
242
27624
2
2
212321
31
12
2622
55222
142
2
16321
527
7
6436
8
52
44
2552
2424
57
4
8212
4311
5222846
5232262
652141
542521
222222
4222423
2252
46
222
6272226
2
62321
323262
2
325232626
2545222625
266646262
22222
262222
5
7
22225
227
266
8142545822
27221712
22
2264
226464
22
526452
64652
282642
252
2541
6
3
26
32516
22
26268626
2234253
142282
614
62651
324258
25448251
2144
66262
6
62472
826228225244
6264
2
5647222
4626662627
683225
652155
62222
4524262
21623
2228
25222626
25262218
2
3
544
22
2
2
73
2212
2528
1
424
442
2321626
6822546282
5416
4548
525262
5
2
2241212252
5
45
6
4225822365
6458246
62222
1
7
5246
6262825
246
625
12526272
7
6228226
5
4
22424222
4521422
6
5
6424882
43212
326254
2822
7
242
5
7
22253
2
2
82
2622
222281
256151
222127
5
2
252256
3126726
12
26
26
3
2
17
4526256
2132262
225226
1
422
4
8221
6
152
2522
4
6
226
3
2
2
662625652
3
3224426
24612421
22641241
24252
4241
422162
57
3
6
2
7
2
464142
256256
252223
2122223
41
25
2623
3222
512225
2221
5
5222
5
26
226
22528866256
5
2
2766
23282852
622122212
5
2246
6621
822
82522644
3
28
4
6622
3
83422221
522243222
2
5
6142427
1
2
682
8526
2222252
543252
58451326
227222121212
554626212121
52625428
5
423156244
34565212541
62235212522
2
53242821
225234525532
232215433367
5426636226
58222142622
228
2852
22221
325422223
5266625
22
24
2223
25
64
22261
6
5
6424
4
4
7
666
3
434
4214234
344266
2
2452
2252
661251
222241
222
7
628
224
45146
5228
1446
6221
6
7
62
2268
3
3
45
5646218566332322682
2
5512426
2626
54634165725425222
1
62
123243
5427621
2222
2284
6266641
2261562
2268
2226
66241
6427
2
6626
2462
6
21246
64662
242
243
283444
1256225
36
22
8
322841
52264
6
1
25226
3624
6
6622
6426
3
5
7
1242
6445
62622
24322
123246
4
2
2656
625
526266
526225
626
2
5527
63
64643
24482428
7
662526
62
7
43
2222132
2222247
824
1
2
5422
72554
65562
242854
222626
522241
525227
286824
422822
286243
5122
26885421
322666
82241
336664
286262
242622
25241
885364
232284
242626
85241
312864
266264
222224
383241
522222
268222
22626
2524
1
2322254
2222352455
544216
566442322225
245454
2
42252532
463
54
6
522221
481242
2222
2422
21
142423212
22
722124865
52
262266
87422823
4422
4
52222
2682421
322527
25422
222
2786
2322
5
626223
11364522
1
226
1
22
4122521
62223
5222261
2224
632
2227
2
222
2
232
52526522646265
52534522262521
53
2452524
2224
7
2726
24125252
22255
242426
2286255
4
5
222255
4
164666
326231
524234
4223
25622482422
812266
21245
5
22233
122422412
66
222642
721244
1
4
54258
326122185
62724425
5
2222
25548212
26662255
264426
121424
6
255
6842
6
48511
62286
462
827
2
2
3
8
83
4528
223
4
2
5
3
2
2
1
22221
624222532
3264226282
442213
24142
22
4
215242
222282
862142
6
322221122
7
8252262225
422412
222
2
4
4
2822
2
28
5222
524
2
242
65
216422
232
21125415
52234
645
452
252
124526241
322152412523
52646
62681
123243
52526
2655
2625458622
5166217268
5227
42222
22643
114
23
2482
2
3
5256
4226
128222
22828
5
128
846
2
5
542246
37134312
565422
2382821
252225
52622
2
2122
2
21447
2
46
3
32442
45452126262
26252226242
23
41243262
64631416
2152542443
2226526215
24348
2
26262
652222
52222
12264
22431
4542272
2527255
222244
4642322423542
36732
5282622
4
22141
4262
3
42423
6
3
5242227
4222824
2826
64246
5445
47
22464
524223
524242
62
55
224
525282
524421
612
22288
324225
32484
35
2
6
2512522
122252
51282
242
126
522
222421721
3
2
62222241
7282223374263
4523844226
632
3
6
2266
5245
2424
4
2821
3
2
2224
1
262251223
82412325122
121652225
2
22222
22281
1
882
252
45
22
2
2464225
2222666
6722621
2
3
5
5
8
42
228
2
4
2
2244
4
41
47
524226
5226
22426
6842
412
6225242
2242
2221
262241
6322222
2
2
524221
652
624
8
2526222658
3222626222
2
2
62522254
2
2
3453
26
7
32263242
72626262
46864641
26
4646422
3
64
7
2528
6262423
26
2617
3262342
2
2
12321264
26522625
68522213
2322
25
452
2254
55121222
22
27
22242
4
21421
5242
1822
2
12
422422
22222225
5255
2
7
262641763
23252
464412
4236
242421
525245
4622
5226
2
222222
4
65644225
47622222
21
45
6212
6252
612425
24212545
22422
22641
32222272813
1225
6232
222322
62246
245
23
42521
63
28
7
1
285
226
3
224258
6
422
212
2
622282
22
4
2252
4
6
2
6
3
2
3
7
232
2212
122
6522
446
2222623
252226
12
2427
2
22
2
24
264522661
3822623
2262561
61264
4112
525622621
22232354
5666255551
52221828
266652415
26
52
2
1
2
8
83
58
2
186
24
8
2681
422853
632252
55154452
6243
246
231258
846224
2122
522218
1222266
222
26227
1222
268
22
22
8661
212
622
6322252
87
1
82
58
565262
6134268
26225622
2222
42226664
56142124
7221212
2
223
22442
222262
6113265
5722
6542
2261
22
8
232
8224
2
2321
68
456
2252
22822621
21366626
662
632516
2222
134236
221241
31366
626
3
4
2232
8
22
22684
54262
188
282
2
4586
262
2166564281
664526
4466
2
2
222526
2652222
5222627
21423
6212123
22
22
425
42264
225
1625125262
272
22227
2
212
5262
552
858522
264857
2422
2
232522455
62222243562
6523652624
125
862225443
424267
2425
2
5264621
2223266
2282222
26723436
3222225
5227
2
6
5
1
52
7
232416
22565
22821
421
238
22
1
8
5
2
215
2
641
322
2
4
2
26562
56262
8
2
2363
2243
56
25263
2242256
26
8222
5228
68
52621463
5553272143
2822
4
2
2242
52225
22622
82243
222253
2243
2222
245142
1454222422164
2626411
52226222
4
7
61
23
221254
2
2262
42143
227246
22444
722252
2
244663
4
7
2
22215
6222622
57227
22
121
232
31225
54626
7
3
422
3262
545252522
3
2122232
2
54725221512
655454
2
52426252
3222574
22252
62145273
22432
5422
672
6228222
2852242336
452446215
63
222
84
422442
4122246
6
5
4262
32522
224
552824232
222
214248
53222412
412622621
2412566221
3262121624
21446626
12222
3
21562622
57222523
222822121
6
5
252
4
452222
2222242
26278
227222222
7
22381212
21226541
5442412
6
2
224874
246
25
62
62
827
12341
246225
24252
6222
3722
28
2426
43
54612622
52122821
52212221
52264372
226672
22522642
7
222221
5225211
52
322
4626
8254
41452683
27826626431
655528412622282274
24
6
22231622
781275222241542271455
26615512225426
42414245
222122262
252
26221
2226
53524345212
3362228172257
6683233432
3
3
2522637351
7264322
22
2
24265
6
6122248662665
8761425622574
22
1
62221
126
2661
222522
832622
22674
22822
5262
1
5422186
5652542
438
4242586252
2222641211
34533
44222225
685
68
8
22425
4122
537
252
262
282
64
2354
2
4
65
54
5
2
2
2
422
556
4
252
312
222
2
2
82261224
2
4242324
416
356
22125
22252
2522
2252
6222
3
3212582352
228241
4252
626427
16
5
4226
224225
222222
222222
22
5
3
22255
222
222421
24
522
72
6
26
2
1242
222
225
22222
22
22642122
124252222
22521552
22222
2
2242
4
22422
41222
6452223
5216661
14641
64626
1243452
4
1
2
22623
423243
152147
21422555
52
42222
8
342224
2232
2245226
54221
2222
2214
163
25
6222
228126221
522852
23
22222
622226
22732
222826
626252
2
2
3
2
2
64
67
5622428
4221622
3
4228
5212
2
2
28
65
26
526
84521
262
6
5
62
24344
322
5242
5423
22842
2222223
214326
2222327
327
2
72244
286
4226
22242
442321
2222
7
2462
552
243222
2232246
3
1
32452
5
222122
423441
322425
242243
266623
2648
52
68
5242
623462
42225
5
4524
4
2
2258
32
512422
6
62483426
232848452
6
6532
52421
7
8
2
4
223
5
522228222
61452222
4
5
322526
1445
21252
545282
52325821
835224626
2
22445
6252
45225
245217
4
221272221
426
58
2
3252523121
222
236324725612
41252
23222
522621261
4522421
54545261
24
2
35
2
42
4
12271218
4542
461
222
58324
522234
1222
4
325
226232
145
22522
52123
22146
35
2
32562
4
15
522222
122161
2
2
2224347
4
2
2
4
5622626
32
322
41
22
4
6
33262
66266
22
6
46
5646
48452
5622562462523
6282222227
6
21
7
6
53423
626222
1
5
262822722726
627262622788614622
264428255
132221462
86262525252
4128218226461
54585442
2311542216
4223468522
8216464246
52
526
621
26
52
2126
82223
2243
852235
244225
12
64
52
5227
41
72
62
42
26224
2
2686
262
43
2626
2644422
65636
625
2
5
22
2
25221
5
64
5222
2622
6
25
3221
5
23
2
1
2226
224
2
2125
382454
5724255
42222
22
22448
6541
255
414
8222
554123222
52152112225522472
1732442443218
25528225
2782141
4
1
684
42522241
238264224
3
2
26
2221
2223
262447
5
142232
12624
53525
24233
4
5
1
22
626243
222222
6
6
2
262526
222532
2
634
62
336
523462141
3222222322
74252422
41
24313464
62282241
122214527
611451
3
322
222222
212242
222622622
22422266
226
23
522221
222226
2
1
624225
2238
2
22222
4
222222
5
2827
28662
54225
6
2
52283
582222
665
2724
2622
2226
582
2428
42258
2522
52
37
22212
23422
22882
7
34212
22232
22252
222
52127
251414211
32225242
4
5
255
5
2
42
222266
2226
2122242
512552
4
25
2786
425
22
242
227
2542242724
34552134226
45221
532121242
545165686222
545
254
4623362226
3
25
22
5422218
2582221
2822222
13
2
26
22
2
22
52822
5222
222
22262
2545258
2
4221224
225
8254
285
2626212
415826446
218855
6
22
6233
23422452
5
21525
4
26735
24626272
24452242
3
4224241
5
2
6
234226
581252361221
645222
2457
22626
22244653
54155
256255
542224
52353
22626
224211
2252
42
22
26443
642262
2262641
4226254
6222462245
3256266462342
5236342266
6222516465
6
37
522645632
263442525
425252436
626343635
622416842
66643
432224623226
2843252
52
328
56252
4
62222122
36222628452
14262
5262221
26262
57681242122431
2565148
2526165222
6285513615
2526222825228
526252
24625217
562646
6
56226
21262285
62221
24325
45
3
214
5
5
243
22521
545
5268122
2
8
464552761
2281264
85
25222
6
82
621
22
42183
2132242
2653443
8686
858
2
5
268
72222
67842
272264
2152824
6
6
6
6
66324
4
5323
6
7
3
56
22
224225
628246
642
6221
563222246
228221
4652228
228
2222
25346
54
21
22
2252252
31252416
62222
2454
5
222222
42262
1214
5522
222462
852462
718
226
222444
522521
225225
3221661
2
2
644227
2322
6223
25216
25224
44622
6252
4541326
6452248
82622235
55222
7
622255
2
12522
322256
122222
28528
251252
5252625
2221627581
38422227
4
3
644
2
2222
4222
52441
2226
52221
6
212424
1
4
22522
22
12
22
22422463224523
26562652
52322
25
74417242222432
526212
2
442222
34222
22421
2
2
2242822
2
3
2441
2
5
26
52222
12522
2225
6211262
2622525
1621
2242
626
626
23
1242227
2
7
5
6
6
6
623225
2728242
2
2
25262
21765262421
64
57
22283
222213
1
546426
4
4
2882
2462
5422
5
4
64242
2222411
26
22
12242
622586
4223
22222
25226
1
2862
364
625
2222
43
1621
6218
42
232246
522
481
422
4
4
53
4
662125
2
125
6228224245
5
582
62
2641
2
422
5664
2342
33
222
664
256
62
66
34
34516222
412
22132225
428125
42632621
242265
24632222
33242
5232252
26212736626226
232232
622252
2224652
246326226
671226252
21
2
8427441
6252225
2252622
16463612213
68525
26222
52123655655635
425432
26
2223232
221422
442
2252252
246626
422283
322843
252
82436524
4
5224
646
58483
872324
52528224
252
1421
562227
6625434
22622621
222536412528
22
84
52
24
324256
62621
6
35224
53
6
625222
22
22222
22223
25
2
24824
82254
64425
22221
222222
14625523
322
26
21242222522
52166
54223
26268666
446456
52631
666268
64286268
552152232124
6
1252
21
26258622124
2121225
5285631
165621264
22285252
2532251
24
22445
524
7
612224
224226
53444
42
67
224
28
25261
221266
424416
52586
83126
2422
5223
1
2
6422
2225
22212
522681
26223
218242
255262222
418654664
212215224
3514
222465
1
2
222226
225584
6451
22
421452
26242
622
5422534
23242252
225258
22
64
22
22646256
23323458
222
54
282236521
223325448
6
5
5
222721
373275874
2
6
2
4
6
2
4
3
2
21882
512
222
2554
2
7
4
2
6
4
2
4
6233226623
2143
422228525
566222
5828622
5145233222681
2
664
22458
22222
5222622
5
22
4
62242
548221
26226
22226
266254
4427
358
852262
2652
22
1
422252
2322226
4556152
22223
6622525
22236
21856
2
5252
1
251222252
2
222262512
22522225
25
42
28222
7
2
2
2
2427426
2122
22228
6222
272
642
223
2226
265
6624255
2
12221
585248
1227
54
22228
222221722
52224
85278
2142626
7
3222232
25
65
5221
626621
2211
412228
257222222155
45
5126662262
5258262146232
246545264
835622
7
44252255
4
5
2
234232
656228
222
264
26216586332222
282184626251
26272252
225
2526
26263
246426221
82763282223
32222
526642
36423
524
626262
872384
2242
224228825
422725
2
5
8
426622
82323
32421
422
257
38266
25226
84
22
2212
2224
272
2
2
2
256236
524
125
22
142
222266
228622
464
2
523
52217
542221
21222
412222
257222224227
56624422
3
2222543
262416316
2467224214
287
45254
5
227
2
25
42
487
5222
2241
4
45227
252
725
245
535
2
22146822115522
1252824
6
8225
42126223
5
14
2
15622545
224245
3222822
1
5
2
5244221314
5
4
5224
2
8622
52222563
6
7522
21424
5
1213
2
22222446
2242423
2254526
86622276
52228
4
5526
4221
622323
5425
5243
3
2
7
2
21646
3
3222
1462
6286
46265
652426
6252
2222642252
2
524262
62275223
6426
2
228562
2438262625326234
222522632
2
642
323228622
3
62415
62
3
2427465
24265174268
84342223266
622831
5
53282
66685
4252826
626424
5221622
56
282
686228612
216522421
5225267
11868475
2258285
722123
21664
2413
1248256
624164522
63235322216135
6224621
235844212252
66362224826
2
5
65
8422262
38
4462
53232322264
326246
12
55
572626
251223
45234
22522
4524345454
62
25
212522543
2222222852
527
446472
264228
262
2
7
52
6
5
222
227
2182421
446372222
22115
522
2
223
3
54
1
6
25
5
2
1
6
4
56
27
45215
13416
88
6
4
52222
12224
6422
15
24
222422
22
21
22221
2262
22226
52222
12472
435242
4
2
42226
22257
652
122215
5222432564
2222312
5422
2
1542424
26221643
2225466
142222
282821
434
6
152222
2
27
5
21262
5246461
462
7
822246232341
52426
5222622
2
22441
4
226242
2
2
4225
8286631
5
25824
224
5
5
4
5
52244
3623
222228
8
2
52224264
22
2223
622
4141
2242
252
6522262
2322831
2222
2244
24422
2342225
61323216
2222
24
1
2622
1
225
222
2644
5418
5
6252
84824
3442
214
68522
5252415
5238212
8
645281
422418
5253422
214
6255
21
3
6
5841
316182
662
662
25
6224271
14424
1254226
2652221
7
212555
331226
626
5858622
8224
2625
2125
3
2
8
12
22
2
4
7
43264566
5622141
324623266
5658446
181
422524647
413
4
3
2364132
523262
562255
6426
2462444
56256
14221
8462322
5
18
282566
1226
6422
64221721
22622422
52142224
84625
2248
35
222
2256
24418
228
7
52222
5
2
8
4212
4258
225
4
7
2
356452
123214
5623
1262626
2
562386251
6228
2522
3
46864
52722222
2426822
7623216
243521
21416
4266
87
422
2
468342
1666422
22432
46
2626
225224
25
4
2
34266464223
24644227
222141
522212
3656
23222243
22626264
66462612
425224626
2512264645612
4
7
52262
52546
264
2262
2
24223
8
222422
3
62222
4542662
52262211
52445224
322223286
6
226
767
2154135
246452
5
7
2
25221
641262
28644412
27
6412243
3232133
2252248
2272444
2825221
67
2252455
41742625
12
2245212
5152122462
46222226
64666222
2
2222
2824
22
2
5222
2221
24226226
628722
5
7
21
6
3
5
6
5
2222
3222
221
225
221224
5521
262
662
212525
426415
152521
4222
5241524742422222
224235
2422863
6544232
621562272564221
35
242
52
222321
32234
3
36841464
652525855
64424255
54621
3222322
6262626
81822522
1
226627
1222321
582256
654626
2
62
27
22124
82421
286
22221
222423
2521255222251
32226165252253
3214322
22
152
4464
15223
5242425
2461
12222
6254
26
286
22522263
62426222
226
281
8556
212222
2
222
222
622
526
22
21
32
26
56224
6
6
2
6
445272886
22242125
21622256
355222
528176822232
51622282254
1222456
65
262822
26
23
224723825
23664246
46
81
33221
22332
2
5
416
61
1
6626276
522225662
262425
25221144
68264553
5162422412
621431
5172
2252
6252
86452
1
21214
6
222
42
58
5
5228225
326254125
622262626
1524525
5
122326
22
1221
6822
2822
22
2
2
18
4846
511
2
555422236236
6233
3
5
32522655252526
3645424451
2
4
46225126238
251522327
2234
3
22482322
24166412246
3
825
421
251
243
482
2
6
826
2172622442
675213263822
858
8
2254443
2836424
4
32
522223
126226
1122
5486521
581243
5421
62222
42
524
64
635
626242538543
3
1
47
52
226
52443442
526832435681
122142462216524
5222
4121
7
26243
63213
2625224
1228422
26622
2
2
254225
44
33
664222
5241
1
22212
52224221
1254
42
525
126
66
52215623
53122424
22222463
522225
212
6
45453
522233
426
21
3
222
1642812
35112322242262
22
262621
623
5
32
6262
26
686223
55214
12
22
4222
2112
42261
22826
2422
465
246266521
8225
12224
17346245
646226
5232622
22682
331
52227262325
62
21
42
23
5272222
6322
84
5
4
4
6
2
21615
52432
8
3
624
3
4
5
2626
55265227
46268132
22265226215244
4
2
282252
8221
242122
26242226
2
4343
5212
4
2
46
2
5
242
32622262
22
46
3252132232
4226
2282
2228
6221
265
3
456
2425
5214
22224
2226222
3
222566
6
6
22
2
5
5
6244
5
622222
8226423
42
1
4
12
26
6
2
26282255
622
212
261
23
28
221
6
2421
41
6
426
26332
632855
262
2342656
6
232687
524242255
2626
3362
2
3
526244622
222236
2227
2445
6285
21
826
262
43
422
54
522
5
2
2
4
4245533
2623221
15
211
8452
2
2
4
2
8248
1
2
5215
142232358426
4442225
4624221
232255
3
652224112527
2
56
52
3
42222
2222
12
1422
6562
2224
222
65
22
5
21466
356
682
7
22
4
2625
2
22555
622222
522223322
22222
14225432
7
1422
25334
462122
2521
22
42224
538222
4
2
4256
2416
2821
2626
5344654141121
346
246215213
45
26
25224
52245262
226252421641
22
468
384
2
4
554
441472
2
152243
222226
21
22223
8
382226
42222
2
2
6
4222
822282
22224
224
2422
4
8
4686
1268
5
26
4222
22221
1225
24
6212
5546
222
287
2
56222
56628
122
632512556
22126826
28682712
8224
527
6
2
3
242
622
22622
25646664
82858282
52222583
6
5222266
12422
2552
222222
822272
2
642212
622
622222
65262
582223
322151
226
6
26
6
64
1
2825261233
43145
46425416146222626
223284
62445
665462
43
2
682452
6225252455255212427
5
6
52
3
62
227232
324263
46546
2546284
6
5222246
652241
622862
54
426844
22
3242264262
52528
2
468
24
1
2
2
2
411
4
344
4281
6
87
8
465
36
624824
5
572222
5253
1
6
6
8523222
42262
5
6
4
4642
1
2
22645
527826
6428
26
5222
12
222
1
2
12
2
2
554
5
2
2626667
4267232
36232141
42
6
4
52262264626
6662124616262
26262322162552
2222
6
24621
26434
62626462
6
146662422
566621222
242
566
24247
46422
25222
1427
6842
236
324
242243
622426
262
222
22
2222
2222
22
5
22
22
3
5
8223
22662
2
4
4
3
635
614
23
3
7
22226225
522626
626
2287
22262122
52641524
26523225
7242254
224212
4
3
12421
6
4
452426256
2224
5426
4646412
2
2246
5422
46
383
32
57
2
12522
414
232
3222
62
55
2
22
722
221
225
6
5
7
4
7
2622222
2
2282
3222
642
282
5242652
5
416246145
48412215
2
2
582
382
22
66622225
35323664
44
31
24641
62
21
34
25662
244
824
4
12
4
56
265
262
6
7
6
2
2222424412
567222546
2422544
3412223
5
5
7
24
4522
2248545456
3
646242328
2722522235
217
5
623
523
722742
6481
2225
2825725
1822451
14
22
626225
12
2525
12225122
2228
72232
22412
62
52
8
23642
532
843
86261851
5
3
45663235
222281
27254126
25852222
6211212
1252582262
2
22222162
5227
468
57
5
6
46221
225
68224
52222
182
2
4641
8
2622
6452
265227
56226
244
32662322426
12462
4222342445254
11114
25278855228432358
64222854
26224427
56262527
26262641
25265225522262
26122228421227
125
4242821
7248252
4
21
3
2
4
3
2
4
2
2253
26222
24
522222242
42225
4
1
42525
4472
2
2
5
4
24
21
614522222
1164553222
1682212216
2428242
822223
4216
