248132552
625
15221226522
1325144
212
71622442555
21125322
2724
5414
8722
51225522414218525
522
743
7112212233223121324
6212212855
662
7252124122253
712251221
45621
122435225
746642
2225453
7224
2161438655
1114552323225
11155122152451
14522213251525
227241152
2212
516421525128145343223
4352211682221226
22626213646226532322
52266
653
6222536
161262253421
212
6226262466
2218252
2672
7626635
723
26132232
25642
214
25112125
226236
2321
2238615221226
6215315
7823221621211223522142551
2232
361244685222
723
3262624273
263262626621
662232614226143226
2622222612252261
112
526312233456
63463426328114
526453
431
223
652554632222422182
1122554
652222422251
42212542
26161262551
7221
2222826
222
22754
6222232231
2413
2128225
4162422
232
22622123588112
6266226226281241
1112
12254421522
2152
645221
712
742
3562
255312226
254
4156534645
422285
211166
17525
215
6522
2262562
622235542622222
6846
5665142254
15235225152522212
6653212225
642142
1232131232243221
1154262426
265255241548626
2116
32132222225625
27242216244
1562252826
243255145534
24682521
1455222228
2212132226
2212234481
3222612826
2151
1125122
522332431256628
272512846221164
2662556835222225
5322
41121744126
556255451521
463
2125622134222
635
1228
4635232456
752
118
265
522
72632252
561
22342
62123
21425
8732
268
23412
311
21222522528512
55222
27222622126
234213215
21625282
535222552
223626865
51222258532231
212325283
13435
421552
4323622262326
22138
24321
213
261253625512
2122412262
4136532
2162232451252
41222142364
561232
265
2212
461
568
2434
24164655
715
14554511222851
4752
262
5122344332231222
3221114
242
2211451421284514
742268324
142
17422254322252222524565
3263
52121225522148
244857265
1685422555
6116512
2361
3225522242535
23162
6752144455244226222
416
262544564
112225
3285
62245652125
223626
111252222586
5554356252252225
261
12142322512151
12212221542526
1224
71222512514522
234
3168253
42664
254
2128
11486211214
6461
226345526
2421
7232163
3612628252141145655
266
6128242222228
322411245425
612111222222421534
4231256223324358
764
72445242346
5433221584322112
265424562214644
352523818265442
252
2642272222686
2342512451622
144
4236252262242
4446
162824
2114253
754648812
1223522342
2143
23681451
6222422426
4652262251423112252
12643583214414222252214421
2862
6826142412565262
5112568
26626121324534
715523225126285224652365
3212222
6562
22121682652
72224
212
26128
16355221585362522426
261225522
465642152352
21224562255
253
222822843
8751223
263263382252
452345
182122354612
2542722552
26746514262
62433233115152
231423532525252221
45323446
321
37455
344222332
2335152225
22288585
5126
1114552
513
1124562822842
22322262268422415
5132
7153
14211254121422
713
622621422862822524
73421582322526414253
211524222184162
114251413522
2322846422
72223625162266216225663
8326225
6822322352
314232221226524
55622
234322224222
266
5234158
41242222
212355122242236651
242
34342722522
2226
2626456284448
65222
22152
4222632232221
65221522445548122
2122155222216523221552122
15122156612222821522152
154522251221325
411282623526
728
521512223245
23182352232
524
228521525156212416
272821216422
66222224626222422
22222222222222222
5421223312
1112235653221522113
711
7252251
313
15222
2355812235262
666222322562421
732
655822825181222542642242
622115
25164222
2662222235851222222
2628212264415222
265
1142
233
436421152
731262285141
72383822152214221
22256343285
12282646
214
712
21325144625
7162
2332511225811622454215
7624
722
421422632122565
541
271
3152552421
2722
42622651218236265525
25422125436
272465225
21228532
62211522152655212
7142252451
22726512121422
521
223522225225226
251251221
51121225522112
821
445285
822852122
22555126
4332
746
4532223
75436242
1323622
2132662562
11222422272222
833
21362265242
2585348
221
2514
7512
226322222235
72322222232
471
4126626252
62512
7212225
232
752
522413422525
82241522
242122
111
5243
23152152426215
515453225122153
213215
222222531251
265122228231
651225
14655235341
27251222424224223
5514
5212262813248423
422435261223
255283222
2233
44
12546122722
115851226225
212225222322
28222766256
2122252281222
2268172262252
2122252223222
7238512822226
212222128722
2628512852232
2112252281622
2288352628263
2162231283226
3628662262222
17222322262
1121152322126
22232825221522528
2622282122252
251
26853222252832218622
1286144
31231324122642112
221242556
754241645542384612
565415221285
161
21125122154522451
751328222522456
752224558
2112
2131
71845348122852155
2722232281221
1112225
256
21
72225
21125
711212852
522222528
26
41528242154
711623225
5844
215285255822
212511223
274352145284522
251
111321225
221252521
852226
71225836522812221251
551254251222122132
75222
2122211
631263864
5112254216445
223221822552536
7662148552
272252222322233
248516264221
2425
153513245243
8122221212225425
222222422225
2153235271
27653226124
262222231562142272
221
1112358251212
2121554112236533215225665532112215
211562216226221622
52221258312232
3528122
51223522622212
22222644634236
117452481321228
142535222123223332114262266435
7563252512463216545368764
266423223652422512324
51122144553252631461582544322215
41642343545518626
2122
4724
46321
621
2152
326
222222
753426
75321223232322322221
422621225328213
2315251212152
46745324255251
1522223253483
22214133
626226
75382552221
73221
6242312245144552264
7
6285
24615
725232431
7221228532366
3525826264225
45121544863
22233224342
76632154
142534
712
74542352
5512523622241225
12255
2476243245
111453225182514
32321242
226422251221122154
7544262254256
41622123312132
133
5422
2332222542
7241
224416222221
5683222422
151252253224
1212354
421
754
111553
74158251683
4322622454212262246
12615222
21225126324222822
1152627241223
2612512423
21141224
56226822232252
612222353
4262
75226231
622862225221
42142631
282352826232235
52148662658
254
222
6222555
311216452642
213266232641
72222422452
7628
2162
2741652352224465222
12123642265575
513233452242648525
4222122422621644282465
4568213256
1122
312
62328152224223
12642612322235
452221522322
6446
87224353
24243
6613642562234
6234
625124
272
72525623
2222358
1522612532215
51212224525122
125
532253243
21523
666233226652
2556888235241
31223825242613
554
216
21235243224534228
72525422164
27686246512261
23525
4182532212252
8412815
22224222214
221536643182522216222
1354
6424
2724216
111
414553422222152
422422
782
765
2462
462454122
21348554
12126242
664
22255475822
3282126612264433
7128478522
23142132251225542
151
511
11225522852226
711
21221514323212283
5122158212585546212
223225
265
212243455266
161
68252236221
6462
15248
47222656221
2554
742
3312
2362
43522538
2258214
25342113415222121122152244
66582
2722132355231285522212
422
152512325322152112
41126248335
5112142362
5662622266222564
521425382
7365152222532
112212218125122634
225221
1412522122242164
51231125122352
276825523
113552453224
75221
5162
4212255
2225823455
43622132322254262836
215235261622222452261
212
711222262322556
11126232622
52232622524
513222233122552523212
5112152215243246
245222512256
31121223224
333244122
135324236251
262
622
362
726
22225222522
256
252412252
656222251
212
11222622123
22625823242718555
222
124826542212281622222274
711221
256455443422565324512
7112212426225
27225852
634262855124
571
68262
2714511256425181
368522221422122114
316252223421542
5252322262282226541
2214242
55322581522252
233426344
8521622842212622
2174
7622222245222462
1622556
21625782812536425273
62515
654
262
44122524142
62162822224525
262352
44118555
25245646184
515
5241122
714
2863428
262227456424584
666
5114158515
236582
22124182
5281522112826222
4214553255
53522532216821865
415
165
4545822436
258622622
482222
51261522222
2152242251212223242662
1112222215
236356215
66225222265522252311
115262253221122
111
636383831222352612
73112
6312476285222222255
227325626362315652
22312624228215325521462752
4255221122226
541222
122232522252222628522312542
638122682883282312223822
5782253423625222128164355
222
5152332231
8226223652
41522122552551
25222222
1214164
713
22122111
682
523216416
41322246232
253222
268
2252286221
622
43164214615251223652134211222
6622223413451422
742
121222322263225326
22836
213
2624614274
84242263325232261
3242444152152344213226
52234222
46842322554
512
4666
554362266525142162562251
622262513835124528624
7214265
8532115211226524521312252552
5225324522
236225225
713
4212
5112
5521
315
86638227425225134
52222
712
2112322252221
6514
226
6246552212224226
163222256641143
275565544222212
722512
712325225245224122232126
2625322625265
1254722512225625122225
1123624622411222225518112
632521241425526152
252
215622221222663514
65462152
216452121552
7351
27642132132825
282
171222621122254251
4214625
7251
1124
4762
384
158555
4456
535
56122324565
232262
313223222
66322642333
222636227285323222622
411
762
486122522266
7442451
2342
241282122422215
22325643322235222
2615
211456825
2
712
72435421122
71121325515
5253
7112115255
2112215
574251
12425522128575
2514715
5
42
152355211
2722512475252
122212225242215
232237252226
24122222
515225521522
262
71261623222
161222
8415554554224223
756
8512455
3122146252
1421
216235252461
83522
223
378
2456
552
342
242
2662
625146383123552275
3112238254
724242512
754
621217121622
52221565821532511215
216
115
6665
72834265
2436
3514622
713
55241523
218
1643512413
26186
41123654232
6322255251
1232514
34241
4283682832
2858215425
7252211222525132
21662628225522253
1213221842
11542622
7125552225242124111225
47122
5112552221
4182
2222
2522152511214256
5571222222125
251
21452251332481252512125263
265
453
722522
32244225286114
21122545315
3112
5532
712112241
211325242583
26125148112
8572
2121
7442
613222424132352
23121
225
62645
7253242
454381
25142312534251
46664155
2212
4115256251681168
7444264237122342535
24312252356
2224564263
2222238215253
2622555
213
6152224461
211224241521
321
51313265221
5332222
2662454
262222
265
5222
711
821
12154
552242651215
722
61285322232376
11256243622224825
651221521113
276525224222612263
21622522325222222223
25325362
563
3582562
2122222265852
354
5222815615225128518
454421221425223
56836226225
162525
2512
161
152
75182528
661
515
611
2132254225522352324
866452221855
44648553
415
213
212185341152564
51652236544
233
22622
63522223222
6268232
766
256254431212132
7152
766236
426688338
5626
46326332522221224222223664
763
26522212255
761
4273
212243
83525645446162
46146
215
2262
63164231
313246126
1222612
722
1524
2516851
22142
72454
61552236182525542646
231
263686
22228622632256832
321253221424334
41122542624
2622
778
3322364354666
712
7122265
2712
5441153
46662216
658
225
21512
256223
215232
2652
62823222
211882222
121222828232522
23532322236
21114622222553445124
44554211
1324515455
2224
2114264412
754
3423522154255213
2738251251246525644385
16221145
28322618234421
8732
71252523622132562525255
781
5221325324352
152245286
4124234212486852
223122526152232252853
1624
145622122231225138135
2255
62222652
261222522
312
643425
238
2245628222
541682252225
251821
1532164
114
515
25152142312628
2564256
23182382212212824232
253
161
522
254
716251
66618464222241266
313225428
1526128588
758
42122322511
4712
2162145
5536426323322
2412
2112256
222433223243564443
25221222264
42145234612225
726
152
4214
57242154422
414225322
228552
862
5622258114
2512642453532146425628
4334611425468552
4565662814425
2716251255
7362142265
512
172
35241241342
564
4414624544
254221
566663222
86445
6223246635521
22122228662326828742261222
72222
84722542
73222242
115521522
2282222552422223625423
4511423
221
24624
32424221222552
2851222326
6276281225642518
714
224
256
638
28252513282
26128552632235
265
751515222462222215522
471622226242812251
2262811255
513
718
421
3242365
748556312263
262
631231423326
8612168555
122652332
784
74522
2512622225
78222422
7122255
22152226152423242521
152242451
157262222581
76433122322324366
433333
6652625162522
286
23156523224
241825211
232256121522
511215243312122252225
572416
22558222382438216222
63625823
411222322
54433
2352552266456
1245
622134352
525122326
1251325222222853231
23222122222
3124352224262332255281
765421221132562
564211
2642622
812852
222262862226225
125222212284256
2281222
64243524126216
1546532
2286222425
222
656221424546
128524455221
553
7285455823
2512534551
353
72383625622262225
551
2554415
122532325
7265222354362
7264352432
226252322268452328552
2683632
5584
4822232253
768
724266
76726242245285222512
32252285523
52226222211
6273
7552542512
1422
22223221124
5652855212241621524226551
642221582115225225
124
41148512
4265522282
52412225232222415222542525256
6235522442355483654234824235521
22146522212255
244414251
74811235
721
822
283325332232326232242644623
7332152
15652212458224262626326513522
262325232621285222632285283
24355522832226453226222
313211255252241555312
31622158
36222224
24322222522
211
76225124184
623
222626
54122225441425423
13231122
326312522811685125245612
1165252651232232522218112825223452123
11252522652552555225121123552224
71232225
211
122154
115
721235423225522
21122222225
225265323222122
2232221228
632282252
52215
43222
712252243
2126
77223525
37254821281446524363
178222422
762
415442222122152
161
244
2552
455
8186
211
6235
114
54122
2162551
2813
1142554
3252
165
128414823
4122515656521625
27253586
115253421145362
7126125626
724
22342242232232
6162
21566222
22628
1122236222662822322722
22422
34216223243225364
116
462
12622528112
5122152222852
16512423522
215221825345815
4242125211522225252
121455
2562212622583
541215252245324
2344212153226528125
21125535
2252
22522615226221
213122225625322
27222556322331
412535236
711845226
226242526222334
312625222
25121562632156266261222335522122
251
28222
124152215326
711
1521432
15155242632543622162325673222272
7121642164246162565646522532
7622411226
132355212266441122186644522
25125552428286232212
54426428642421
12325225222511225262635823225
71821221185318412423223315142142
512283421426325832
74236
514
5262552234323
242
261513221222112
62163322262554
41158154522216
7226
21323622
2438132551
1124262222
4328245432225225
236235236183522122256
24522562254
15437125222332
2124
7152532555
132426325162522235
42628232261255
66543524325
463
11242124562151
721655
5124222865223
2316
22126233222
3246
816227323523122525
22446
616
442
152
2124266
825562112225
516
223432412135
6162234212
411
25153
58634216
2622678232252285
151
57121
5315
182515
711
782
73215
515
76268632216252211
716225225
335521223543222254
7632521262421142646
211223
41682552218232
313556282341552234551
7622222
21141358235422145555
55225525628152556
5254112
212452
21721522512
563
2665
7523522314
71221
2252265411
3232124
225
45122348
222235128
723
25514
21325212244
161
25153252852
152
715211255241244
43142122512
12242422122225
118
2312
2562225
12225122122
243
7265522512
5211
211222
211
155123532235242
3125524262364222242222212
71525222
2152
222
3122
15182814232413
1274283525822
554
42124554
216223516
2516
54264322121623221525
4
81562514
42312
211253221225
5122424221
2114262332233
114222255
255
442
16214
2511
1312
42455
6481
223465
211
52662
2228524
7622232
71455221122242533
523322126152223222122
252
61262252552252431
315
432252213215
423252821
252214452
721
722262612434451
221221
722251221
161424353
78221522122554221315215822
132
27224252376222
222
2165332218241225654222816
32522
251
327226225
213222
2462243825
62313
711511
216456
5834832221
714522445
2223255454522
5212444853388254181526
26182585152216252
2612222221
5144
2534252682
286
625
24434554213245145
324
22144635
732
1138214652432251
242
713225
2131252552
51125342514232253622
223342
2135
54621221222122
515
436
222
22234242221215525
314246
7122511
54426
2215215
516
411225
428
213226
52231521522
256221242
122252
2164246642252
114533
23122224235
424253
11342322
2213
72225221221552
22125322
218
25222124554221
222461826
611423225522
34426234225544526
6653
252261246782
132252212226
2553832215
226526521
222255
165
5162252621528365
73121382262211223
251222
2135211
6412515225
2622652
2213225621822
216221543232
6743226522
27822162825
41122222216251
22621524534231
52622
312
7112
264
2312522412
2132312822
22122152522
3242162512
4622
82122
622
25222624
4661
261228522216215
5625225
156253222
611445225122236
2132256226
7123122
3122114262
311233552235242528
11225336252215615
73245
27122352353
2248
612152213
2132412253665
252427623226
75532216265
262223242668255
2222
41544
222522412
215
33122222211641626554
263
567221224552261
613
752268253
1426
163251235563
2264
1214162433825885242152
55612885651
818115441825
6266442258443
22222252212
262362812262
112228222212526
7226
832241251
3724
275221122552425
274
6236
232265263622
222
25121326562
472
572312223
725
235622222
7443232232534524
22621
24322522352
123232355
22722222523
122268
831226323
2425113116
4652212
21327124132522
2212124535
2664253
216
211225441323342322
5585
3248311865
1121
2526114452452712
462
5542212251653645322
12123625
152
4762322524212
23622111313842
3322132
221
142
531
236
213
5722122635422
725
32224422362262
5122252213822
1261
5314212254232
5222268125455252
13123
536
166354215222122385512
252
32836825
815276442312652252
3122
652
2416231423
7142
155246
873321
17381482
5226221564
63221514254232223
1225215
434285122212255
2428
531
613
47216622451
712221355212
2225244152
415
2684
83222472362225
225
712523221245552
241
662
5123113
842
121
166
122
224233844
4646
215
224
223222
266
7123522535311
65122112323
11126644364251
53143624654
5242352456
451422225866
633
21424624
531221226224
7116
111
71552152424
1514212622
5122522
73525
142525162
4518258
1111255162242211
551
225541122252
112
4
842
2516324455322
2765
752221
2418512
22722224226211
713
225148
737685226124246623
458312
212182462212214252216
213
275
448122525225824252253
7568
332256821282263
1462522536324233
24211264122552425231215
8252215
2758521122256325216
366222135252252521
7152522215264222
715
2252821225
221861221524
6542216252
25514
12242142262
2752448452
24534251
32213216
32542
7112528412
8522222428
4414455
716
36422582132552321222231528264
7112222256
2826325622424322232
276216232122142662433811
24355222222265236421264522552
261
55121312
263
121
36322215122352213
11523122512
31322612142253
26322212112552
15255221422
263212565
6612516225222
434222522245255524
2415225821
52211
11145381
515186
4222532125
2342422222824
5234255441226
672862
2162326662225
27445543622
2162
123
52846522
2412442
3114152465415
221246288315266
215836
211211222222522122214
7225522825
4244225
33265564122344225263122513
431
6425
7216
51216
41225162565
66632
4152
241
12423222283
765
762
8332251226245
2112
53156223825425636262215231
21221132128162515211245682254
222216
4612
836
14266522622112225
631
2412742255821
54142831225222322366
213221
522182262218232356
42263
272256
5265222622
4642232214222
222522215222
668267522222222265
3632566213
6444
2322
632645613222
25122226
27485162212212
62182625252112
75121122652
51125242134
7512322
2222826812252
51526124522
812221222222212
1222552216
2612233222221
6172218262253238
525512212255
251
1512535
112
52228153
26326
1222412222542814825
1524226
513
122232
412
212615243122132112252
6218
432552
5222822135
3222748
12622612338
284335251222623
2433324322
4332232
252226282
855
26552322551
1224132132552
523242
12322562212
211222251
721222223
6142112622
111655222221
1446434654258214
622625
2284
572
721
7214
23222
2262
41623
263
61233
242521131552
4834
21121556
1123262
27128
2212
6282352
2255512261
152251255
1612614725851425322262415
153525255251
2122251415
438424725434232
2725
15866544168
2114228
351
512
1222
245
21635221
56321154
751
536
76252
5865
2115
423
214
226
51443
2152
6222252
214522
2114
1522
64122
56221
27364
4272663
632361482322622422
322222342264
76256
22227212
76243
22662253
23228
2626
346422256225
621
261
71352222
2272222222
5742
8312
463222662223
268255222362543255256
4551
412441665522112524
21152222255462
214632
621218865225
551
4446
662212223
5132522
16143545132222
414
132263223443
52464425
652636231
55815422221426
86625362862454236
6262522412
251621522
426
211
6124251841
216621522
31124182
2222534436265222281
41326226231552521213
1214161
83286722322236
766255
515226421652
423
6634
313
5312212225
42545413355151
1514365253255421
551223522152612
82626352635122145542555462862262
66214253
6722515
723262321228622322
5624564211422
22628
352331221682422522522
7238264233
2636
621122425222622
732241822
21182
2222423623622222528662
62531125528582
518612235245
232841
261
22442
21522
13122
714
1125
25523522115
8238522512622
82132442513
22122518464
76112
26612444
3622112242
522255281521
232
411
5222122836
238265622
66424
112521
22251352283422132224
226862885224312
24231241222632
5228252
61621126
842225
6442666
12325144536
1212162862
455262222122
6225544235
3122431
6224
324224261
7362
62241224
7764
121522266252222162652
227228272252246
2522222468252
21125
32263222828232322264
12823
226612662225
662
2255412
2222252223252
5625
2112532565
3124154356
257221233543524614355
71222122
612626212256222
446415
2145262
425
27124544
712221523562244
6212155
261
2312262
22222
261425
2162
732
765
551
114
336
7325224
264
6358
7551
72515561
36285552565
6652555322
213252523151
713
614
146645524
12457281712
7262522214355836
511
646
711
7625322222538
15425
415422222552225
652332
426
54222354216
23322
762
423
415
211
2412235
4112
15451
215
35851523222262833
2541
5654282252221
1362
2622
2752352
26244152214213222
513522542333
73622122164863
212523281222514
4622582
71422263382342
631227325554
5154271622215
22272
714224252
533
11436
4224435222123526562
7726252228252225124462
224
25322222225826624
13242322222156221
26484211221244222
4256
563
621411225222282
743623224
775443322552226
12332142524222122861222464515414
726225
25264222243825544
112
211
24128413226524
5412
2512
211
22722212211243
712
2522223
11465822554252235
2122246
51164524132472261
411
71623
3232522221244265235
652542515443
722
11425625532
621226342233282622
713
5612234155844235
253
4144584482
6525224233624542
62612222222622325222126223222222262
1251
852262
1541324232
2136252216221
62332325242
723841822225
23224
21244258132
211
274532225
2532264
2552215251
7132622252
22252215
75382212564262852
3228722332112425235
7143234212253
112
63322232222558
3522262226222
673245852
512831225146
416
4762251
8221165232215
6322284214
216
7255
222
73524236
111221245628551
2166522252258851
1512462512
1225243242
2145242222253
21628221
15825422515435
7241
4262151
425
61552225322
4142266
22646122312
71252126652662536
3632165458221
66122
354
612652226221362165538416
6222
56232222888
653
21182638523
11321222522123
5132522164425
652213285
52325342635555156
1236162234221
2182
224235
3862122515
47562152525
1221565322334216
2131215426252526232162565221
211512241252822
112131222225
2122251221232622
1425152212512255225322
242
526
762
733
5521
4221
714258631224
622252221422
412223623
21343622326215
121225
61621524638522252
5226222622
52241312618535235853242362
6422
1322525
222
7138272812
222
7412222222
12623526252
7228212221225642
436521322568522213
522212
556232223624
7122148262
7425245125
45225124552
242242152252
2642
1142225142251
11655212
2212
67145
515251
1442
76622342
12835525624
25821
2222
27452
721241162528
215
22124
52626652655
6212251382
12222256421
112865222512532
27321221
41225352
111
7162255252412361722144555
6352475242423
258
263
23722634
6422633251332126664128236523265622588
33632521221625562232265455456
7182266532115453446226122142
622442
63283328215423422661524
6252622
556
153
156
234
265
534
821226
3262254433
326222
23325845452553
555
7635314255
713465
7223
726
2212
752352212232
7662
6132234
71122525322836256342722242
2235213828225227224
7124
621421245222616652222252
7122523222625285285114
621225636422125
721
263
1312212655233226122125
268232225422622522
24133221282162551222231423
726
722322235
516233242358
3622122263242281426
6222
21643662122
421831252351626312
572332162424222
2144544463
452
2142662662222
41143524322225251
4134
272225224566
645
5514
763
3324542172551
621246222262231
116
214256443
151222282252
2536
14423223
76146223
75426225142
31544514652415221
2113
7122622214225
5722122652232
2216312225825226
22226
422121424122153
48222555812
28351
5622
2221152512
7272222252212235
51262362222222251
263
568
2623282128
52141
22126
132231225224
1658
262264225225
2222522142
7612221236241242123354
663466
5256
622366
43224
3182222
723323
73235226
5254
57231
625252423125368124
33222522416532
656
226
562
2322532265
3272252225124
261
1352821451
52422255522
251
644
21425553212221825
314
12622263252115223
764
2813222
1628162
1156284842463
361582122252221
261
2112
41742112
548514115832
13182142552
8222
122211881241
34862255221312
3653313212222
722226221525
55221
651622232122255422
324
7121256642251231
62325158124
1282822212252
712222256
2333252641225322
221
524
334
4214
21522682315
4411
7562255211425
243
772
256188228138
8655211232454225322554
13224422222552522322
6455
752
7428422228222122
21122322121
1425
11221242225511115258
7214124
6215452112616231243122525
512233341568552274212222
2212584222127255
75222255522
6112251
7421
25124251
31881422622
225
26135215822662515
11622
663425
265
7162
26381524
222388222
8412222222261
5222152251
2212
813
714
264
1115562432222263
215231255862554231332832
4215552511425521
26425342235256
1454
25726222362
28222
131223221168581
2318
554
224
2512
3343
668
222225226622722264255553
411
112
122554216
27121124228
6285
7231
1222466242
2118256824255
11352
2215228822622
427651425
22182
5222222552274
1621512
5118472
1162
252
512225221
745
6
1282352
3232262223
21122
223622212253
251424643522
736
4234
21122
261
445222
762
5622154215
2525622522
512223
144
33553112552221
125552222226245532
4564216553
6642368
7241522216
16356124252133215
266525655232
32122352
33621321
2712262
21422
65644522
282332223831
65211422
2118265
3221342152272
4516855851251
2112254
47525224322
2254
2582532214218322812452851
55182524114
42212626225
275
625462262214
62221224258266
5115232655
5564211255224265226423248225322614
4222228
42252512415
222
144562213831645522662232
78466226441245
7622222322552
71422
328212251
558251
2552
361265128125128
536
215
211
11544612525
2122
212
762
223222612662452225245
21221546228255245215464486622
24635233612144
12222622134
21362
1232
2212126
7532
44512
786
4254512226
515225723326
7222
2554412852
221
262122
56626232222235
724255
213
21322128122256
222
5212
22258863285522232536
322544
44212212225
25232624251
716251215525122
3362123252251
235
522122
215
6218232251412
218258226226222321535
518232
12423585644352
58141682154251
21525228162622413
262
16642368518
712
6221
27244522
5114224428
27264122
2114222261448
6352
622
422
25122653
65527225
126
655821
2312225
1352556123255
62612442546
5231821
852255823
2212
72623
226
2248
45512
356522624362
712
482
21188568
713281
82762215226
3485
4738855251
4242
72122328632
25622353461
217226222
62162
211262225622332221225
56641666
516221222122316
65522352
3762445
5522212222122255
436425332864552
22525
416216325486
251224226226546222221331562
722512232816
132425221622524123262
5342128352211
256225122442
24251
114
425345
32662233253
221215
2743226422225882338
63581365232
241
411
754252213222
766416625
16851228385522
3665132852615225
22821355314254212253243
52722328
7115122265252211225
35125312
2262652636252
21253421122
2112
1225
613411
6125126
711565
23121554
2666522362222
435
511
2154
25222126864
36233522512
2552535251
123
72242562352
5135542212823
562
2512
52261625628
562413
211
231
66855225322512
2212235232
2212256252
513222223
226211523524152
515414455
66255621
4472824222322
112
213482342628154
245225423523128
11322145124624
6512262856
12123182312
4714268825585
11125124524
2212552863
11121182512
41142388
422222225263
2262
5344112
631843
447523622
324416
144542562556235
41485512
215
4223222
26226652226852
3633352218255241523351
262
426262221538152266
622
2132232
73251
631
1324262255236
815
81162442126
274324322262
526
661
27252221
562416226225
1254
73525222322
7332332433
7621442
4554532
2852623825523266152232
26252236223
5312232
5162252258
221222
758124
42625622266
33136624
256632221323252352
523121542116521246432122222133562126161835241565532513
32821625
512451122335
711252241542
51125222361
21124112
411432225526
6556323215222123822322
2658
25523821
25721122
653
751226323222212
2214235426423622662
1335143262554251
2722214156
272255241
164
22168226112242
62236221236223272222
4333554
25861
222
2652
513
24522826415657722222222235221126542
221
32264222182852122526435224121
6442622524221223322612232
223
15285125243
23235222251522
44252
523221322
8246455
136122
227122528152525
71655242262
265222112256
162622554
222621221
3153
25233122522122515
65223623222152
36255
15436
22152274431
2252
625222552
252436
42134236226
723
85122322252222
67226822552
1226152432656
1242682532
432251226
27425522
236
422
21221685
552
7616222222
246
744336
221522326
54423281
224222242622265
211225154554
212265885121228
7328227226222526
23156
66126623222452511
3362612212436
42522865
2722514
615524
3122215222222
23151
6222226322222
521425
242
733231252225642665
212521
25624
226
421225
24343282585
7221
1215883651384532
168
281242838153222846
515
553
251625322534423
24122221213722182834
36522288
5262855255
622226255221
268232
827552843622561485
214
4522515512426523224333265
262
6124
422218222262
6826638611213
512
235
2128
6722222255225524
11122554
213
84522
8118232422225
52141
61122
83222562255224
242222
2212
11235522132555
126432255261
416223622122152516266
122246222
8312225255251
221425323126
25235
2415222652225221222
2212
3584226512
316
761
616
21842
512
2325552
4643
223
2212
236
456
222122
55128
226
6546
711
451
511
24122
21255125164522
552322228662421
3162244552
263282
1525256262842233421
71122822154223526
22142523272552226
15423242522222322
12221234
1122552231
226226855433
622
516212462525132
4142
2264251
255
23488
1623
4614
4882324142524161
613423262221225565
741443442
22542544
5112122131251
223562211265225
1122532254
721
24622
72122552212
1312
221515222143322216
724
56255422252253212221
126
2222215851221622242515
22522242
212
62513
4652223224
2662446212213
412241625238684222515222452
712312856
122
22128
2122
425233222152
22525564235
1235
316281421
7554
52153122242562
261
765
66461
662
44132
26226244
2142
1222
3228282262225
1525218812352624
262
35323245
2732254
212264224526
7555
321625454282152
4512558221624
24634222262212216825
1223253621624223512
5812222855
223428225416
86222
6262382552
2832
224535
2324
22628212222
18183
21124148122223
42632622442554613
764622216
732424656
235
2125622142535
5612332256222225624
2266
6214643
263227623164222262815623
152
262
231242223
832
232251241
512212
353452223322
8722152135231228622162573
4611
74725248222
111275254261386
421251224142272213553
226222
61125588222222221
2234264681422
715531221
71527228112255
3826
265
352255122262514265
726
25122222275132525645335
21864
2718352
7122442226
22326426514255
652268213
786326222622361
34252421
5654418241628122252782225245324
465346382
2346128524262
2625665222
742642228322
233122242232
1262514243623
7546835142255
78452223245227322213
212
6222234
8344622422652222223224652
612222
72122445536
5564162
211222
2524134275
711
481
25122523222828
641272212544222641445325
262
212225126522614
3162223122612426221442
7254
465
31322
6222352242263
51522524452263
4632522223626124
312262532412
2613855451
46118254
524
222476425
7182414462
7162532642
555
2112252251
42251243222
461212
4421
58232524247165555
423
723
762
632564425
13555281322252
24235522534612
71426523222154
2212672825221222152
1566324
2162122514
23222531
712
242
212152254251
11265522522214222
1224514243225114
2124233222
721
32321426122223
26222621882558
6122122252812223
4141
8614212221
222541535
48338856
221232286
56115226
5285
126
28222
2466242622
222262282852
5154252512
731
23122618
216826226
8222
422
6516275222148
172
415231241225
4352673221424624532253
7262262428
622
2165112212
123251243122562
154211255
611255323142152
251
552
2352131
512265421
562223
524
65221224228215
842462226212225256
1312218
7462232223
515
3222246223
5143
282
235
8562
2626552215
23281
56225522152
722222226516522
125263266222342562355
51332522262432
223
651
42312225234453
21138162313252215
223251226585222212
752
7185145524122223211225223
25123222
3256653245354
5622623223
6285134856
656411253451325525
65323122564
2112446225125
