8
41632558
2
5374
871
22
11
51632226873
71265
4
5
27
726226123
2221
2
22
28372626
6126222
255
67626
826128
36223225222642
6724357
225
22227216
2815726
22
4
228
12
67
23652178
3612126
22
553764
4
356
2116212
4
22
21226
22561
2
1
138
8
6224175665
152
36
1
566
18246
66427
43
6128
22
22522266252
25522
41
44521221
6
276
32332
2135235
266
3
32
23
2
67187221352232326272225526213
2615725
1282
22224452
27
54
355625
4261
22564322
2
12515
576
222
231
22225
6655842
8
221522526
521
2
1
62
25
24
61
2612
33
7
421238725
2752
5
572
68
3735316276
53152
2
223
23
215
526
27165272
65122
2361116315
263
275
2
225
6
562462
2633
361223
2262646
6323
5
877263
21
646354466
26273
65624335
6261
216622656313622722111
334375
22
22
125
218634526231
61461
27626
68242861
2247
8
165
43752566316
61762
6262
842342
2662
41
22
8176217267135
2726266276225
672624
224
241
252157
11
26524255
226152
22
32254
2
125
2522
53
2656272
2
2
32247
5343
22474
6
4
784287228
762
271
2
2231
2
1
52525
21277454236
55124
212
6425
68
63
273831
32
47276
221
525612
2
2223526
126
626
82
3721
2137
5228
22
77325517
4541
4536
65725422173
32
23418
22
16321
8525261682742
6755
66222
23
3
12
61
4621
61337613
25573677
273626527667773672411
26
2826
75772543
32
31
227767
4322524133777124711412167763156
322
5221
323885132616
5251
2546
2325377
3
474
2137
52
828
2
22527
28
2337537
5175222723
1752756
62662
2526
2575
6132
6
22
622723632322
1245527
242235415
6
2625625532251
51712221
254261
56
243
2151662
6
28522261
56121
266
662
2111
8554
57326
52212
6563721
32
6214
242215
26
5523
5321
125
23
86
23138343632
215685
57232753282
34
2218
2
4257116522
5652
26215
265251213
8647256228
25
8
6
651
672
726656
361538
22
34
15721
36
1623
52121
2
44
615263
1237
21
63272275261286
35
3
2287125721341
45
473621542
1256
52
2216522
22
1353
1155
565226
67221
2
6146
523
2661
1222
2622
362
6626745
23
672
2645762
12
62121
365576263
5283226
36
4
1262
6782
567671252421223
3221
85
2156
221623
1411
1
2278486257252
22526872242466
47
475
2146281
2156
2525
22
33
34
52637
16
85221655
1153
52
17
5322
57125
51561
5
1152
2623
51125
5626
4
16334
554664
22
55623
52
62723
2
2
62633624
67234166536
2222
2156214
336
24
232225
4262
3636615412
6175
8273324
846614233664
375366
6334
22
872
273
81632452621121675268212
7536222
6123452
5655
528
222713622
6
52526612462863
3728652
37378612
6
5624
246267831
663182756
2237337
73
66562
262222
56
83
2
45
866742
86
42322116
47
3421231
6
4262
632572662221287
516
662721
2422372262652226273
821
235
22
621512
21
7276256423
222
724242613
624
2275
27
6121181
247
55
52121
24
421
52
2
173642
67
26
272242
6524224
774416
13
2
22563
1
226325
2231
67
31116
21
35
28
6328532
46
5
2
826286
34
3
5
256
227144213
42147
3
62
1221
6
236
552713
6
2242
23
2725
63512527256256
23466245361
6142
6154364
25
4572726411
23
42724
66
12224112527
4
251563212221
8321
26
27525
223
328
5412
5
253
21525
1
24264272586
52386221625
4
32
65
2651
2
2547
27546
62641
446
2752732572
62
4
32
227
226642
247
43372
3253
317626
21
1223
462
1381
246
422
45332
5
255
636542
222462762826266
74
2
2222562
48
262223275221
222122
2
32
7752682186
22
2
266
2
522722
871253
26558
328753622
661583
2536
4
322261
157126
476135116
325724
32
862361657
66226
1
54
63666
8
23
6662871
1222
2
23
4
623
2
16
3
6222
2632782
68121222654763622
26248
63875125
32
32124
6633236
22
86
3626
7
66223
226461354226
171281
3745223664
726646
6655
16622
32
373
26
31
3
226
52
622
144238
6
476316666722
5268666622
6732
226623762
2227436547427662213
63222245
351
341
431
65
32322
54
12333
665122122
2662223
152642
57
1542
66
3
42
216
5543326222714
6262672623641
541
21
512
2212
62326
263353
241
2516
24
62347372612
7
5352546
3562547
412
3
332
3
227
21131
8
526315
262
56621
171825
7423
3
223127327
321
3321356722
6467264
3616
8674
52
677625616
37
812
62123
3
52123661
22
26
6163
87326641
5
33232266371
2525
2512646326
214
1215
56645
646237622
6622
56
2
61256273
221
236
2
3
2
31
25
532666
622
66276
612222223233
32
33
2222
66216
67
72
5723
2426652
26
6222
16
276222
62
2
621
32666223
32
34662662
272
332253476
225
3266
16263
67262
43
6733
21453
524
2225518
45322
12726352
125
33567
3
2
6615
662
37272667
58772
832
21121
2272
27215
22
1277
35
576
2
26
82312
222
3126822
2
82226
1
62232
52
4
221252
2222
6262
172322
326265622
251
4
3875
5253215256646
321
66
14248642574
6111
22
6226
614351
27525
15152
4712
2
25532
615
154
55
27
5327565286
2233622425482517175222455727
35
21652622
261343
165
2362
273565
22386
112
2
3165
4662311
722
623
28
324
2
8266
32
27856312
214232356
516652
5122143
4
1722212
3627
68
4712625
653422428
15115
6
5741
3723242336246621426261
2
1
346552121414132
6157253
352425622664442
3
673
253443564
62222377837
1
1224174724
222247275142123164363
22
242343
6
226
2255312283252446
22462426626
66224262712
424845
1522661486762347827255442
2723
65
221222371
1
62
77
76
2234676
225272
825231
22242332184635742
1
152
251
2
343256256
23
523
521
6
5221
234
6222
62227
2211
25
8
21516
565
67125224
26243427
1812622255
6127
255
2
257126
1
3
3
227223246
212
8232
267
21632265218
222
4
632
24
725362
27252634
25166
32
2251
2241
24
72
12
62327667
622
26432237
32
756443766
212
63222
38
5
63125
66
6
822
5126
66647345
172522762
22
222
26
623
11726
322
6
876
27267
28
2722687
23
5
4
225
4734
1267
212543
7263
3527
2
81465
23
654268
1235
12734526
25
67116744715235642762347322274
234
52
6551211533
4
1
651
63
42217615522
2
5
1
1
2
222
627
6
22
5
5
855
32
145582622851
815515625
15365456
221
285565851
24
2622
51522
2631
75221
226121
5213
2
6
227257
24236
2
132262
532
24321626
32
6626
352
21
612
1
22
24
33
2
26
25264132
486214
2621
7662
41
85
322
17222154472
6
6221
82
67263432
2626
3
142226
6
5
62152
34678
31
36
2
272512
2712
42
12562
8113152422621
6
8746567
5125
4
13224376
7
5241
52127223
22856
22
17215222222547
2657565
56
2326
42
22
1
3
222121
3152
612
872
24122441
217611262
5421
2621226652232382362
42227262624167522
57
14
7132
3
2367
3628
2
82283
22317
212827256285
71
36736
61
27614332
63
571
3548
2
31
25
151
421
32
46
25262746
1236
52
67525347136257
37
57
2
1254258125
232
5284
33
666
12
5723382252
2387
1274
81
666
12
2512522
6527
111764
653
82122551
232
573
6147826
122141516
2326
256725224
1125
3
321134
612
4158
8
212
81326
3341
2
18226
237626
256312
36768523
233862612
27625
261372
1738521
2148526
65225
263312
1628321
2138226
32625
226322
26726525
2418126
51625
222352
3728321
256862
35522
2663
2
3726625
221812
35625
2633
22
13728221
2416446
5722
6
18
272822215
32
8
6
2146
555521276
2151
8
46512562152726
22122
22
66
254
41123
287273
66
3625326
325
21611
2
526872881
22312
23
28127
1152254
26
2832114731
413
31272142
8
242352166
376621
323
2222567
263
8
4518
12
65
2556
12826
21
322576
3
22122
2
72
46
22515215
2166
21
2522866
26
28212
1125
22
212
126
221
312626
562
216
22212
61
1
616
12
1257
42177
42756
38226
1251437882552
4
16221227
72221
5515261834
12
6
21
246
2524161742521362
5722
215221
223
6745
5
8261226
64125
2
672527
3124
23
324
1
32726
21731
241
5374
8
2421
4222
2557
2315427
22372
1122564256666242
36
22221
6726
822
2536
27
211336
2155
3
22372752873
12122
53625
5266223
3
27
5211
6
3
66
2222
474
2476
13522
3726653
226241224
2114241
25266
2
22
125
5
6172222332524266
342557524
72442316
6226312
674
3566172
4321
76
1361
655322
3277166117
46
8
52
56
6
4531252513
853662
6
5386
5227
211
626
4341
2532
116222772228623518452
2871822275256626217676262347536416254721
3
514722126652
2226
3
2222
5
55742
234363
25624
2485
12221
22121
266261227445243
1512
2
5127252251
226214737221
5
26125
2262
5
5242355
53223
611
15
51261
12123
622
122221624
1574266
41
21
518
3
2243514
12222115
8233
81571646
32
5241
1621457
121272165336
3
12
1227
552225
5226434261312312
752
6211243
26
671
212634
1
215272
26827
2321242452
2
22
5636256
2225
36
6
616122
2245
57
26
567122
3
662321
37
21766
25721
3321
2222446
26164
327
252
2226
12677255
2727
74221226
3
2
88552
2175
251
727642662622
282312
2721
22176
5
2
2322
161432
52316
3721
223214322114
22
33222852265
21
5111151
213
1215248665
613532
51
53
16
5222
152
26
52521
1
2546342251
526
12732
226
61
8
222244
25
12332
52
442
16834225224651
2243
572687362344383
3226
222
7
86
36224466626
452376
253175172
42821762
2623732
2
3
32
44422
2322234722232735
142662473
1764733
4
33227
4266236
257
22164
4643716216222
511436
1
2
56624172
25
16
542261
62252
27115
2
74534
54
2725
21
26121
221
2243126
57
123
7227
2
242
224
64856166326
42
271673342512
5
612328
25181
386
2
75
321821421
721
2
325282
52
25282
4225
227525251
165
4515
422
21
22212
2124467121
4222
81
22
2565
66
215
823
567
6321347467
1127247225
361211
2521764
558
22
144242561
21
46
1253
31
262
1
8328286172637
42637212
676125
27626
27471
3
351
1432
8515222
2328717
212254
161
212138163782322
1236
874241253812
8686628
82448521224
67
25
225562
462457
56
2732218
8721
221122
22
21
21
571
25
26
6257
2623
28
15
2225141
42
58267222551158
5132
6115
21272
26
1426
2222225
562113
15246
25512
6
17
421
342227
63316
43
513
5226
2682222
415
2
22
77
253163
622
2
61125576227217212117
42621
2712
247522711
622723632742127312
22
12
6223628122152
22221
2226
4425
3
23
4
6612
6
46
22233
2646764
22
33
2263
2611253
2721733535111
4255151228
58655
2
415657
252152
226236
6765
872
6222381
2261278
227
5818211
14721167
6
212
27
22827
271
172332
336222
757
26714
17
8725
2722667
66223
2
66443476
22725
116
1222136
661
3
4
43
21126
522
2152
2426111
32211
12
52253676
352
2712151
5524
6
573826223625536
272226
262236
332722574
2
225
232542226222262624223524
4
6723754136
13467126
32672
612321
52155136741272232
4372722221
11154
534514
22
5661222284734246212326
27613723762736
4351
5273231
17636232221
32
272
27636
246
4
772522
42123
3
5652
3656
36256116
5145
232
66266
77
2726223636
7172
6
6622
3612
667576162
6
227518
25
62866
617636
51
3
2287726
21251
52612521
322222227
22
2
26
2822743
2
27
56248152226
561
2
3
275762
66154
11762
2
24
3168228228
87232
326242
121682182
87222
711
25857522485537126
523
668622
124771
611646
264122276
2533723
1
2542
623647
246
5233
453
52
237716232
372
127
2
2523
2477163
2214215253
4713
2523518
42
43
382
2
721256475523
1125
6
357
2253122
2386223
6
242262
722
77526
1
565
811226235
75
7
262112721
51212745123
712
15325
552
2266222142125
52
31221
2
125722
251828
51732
415
11
5432
76
224
2713
6513
31521
84
34
5513
2
21221
213
4
81
222332622
31
6
6227
26
2
12325
11252
661
57123
52
356
7225
2236
7
7426426
5355
355
23
2261727226
4
68
215242
452661
87
22226
2235
472
2436262
222252815525
35636
3
4212
52
2
2222622262236571
8274
273
68
2627582221
2713178725237
262
41
324
8
2
3
62
2
226
2426
25
8
26
71
71114
2212746852228668
2727
11364211132322
2
7621
65511224
2
46575
24231243
5273
25443
522326
7516211
67
15227
5514282175
847
6
5113
13
6
22
2
522453
3532
622
227465
2151
55
734423
36
4
7
224121
54
166726
35
625
2325141
6
62131216
27611223
222
42127
6
56211
81277237313
15155
6
4252
5
2215
2
242
25371
1261
625
2121
23
32
2151
22
221
662546
2
2225
6272
311
228223
4175255
326
2
46313
2212755125525
22162
6222
22
525
76732
15126
212
22
11722
326626
6
125
131
522
2226
23
2
46425266127333
222261
222
46
2
62318
532
663741
2756172223642755
5
277
3121
31
32
22
262152355642
62
2356155325
2
2254
72574146
52
226
3
82647687228212154
522611522
28732825
21
72
2235226527
512212
222257221
241
2652
62
32
2642
66252727
26646422
6
47
1
28712
5112
21
145112322255
143436
3
1126
22127222713
51731551
226
2
4222233276
223
4421
253622
22
6
25744722
123
22222
3647
2
532
227
24
372626
6437266
133322
66
2227225
624762224226
2
75
51221
28
31335621
6422
37156
243234
2
656752212
251
26
331
62
276274536152
5524
416
22412
27
2175
527572
125
3312712
56124
6
6
2
2226416
416
2
46114726
2
31146
2252
2621672
2
2
1262
27
61274746312
33516227636424
226722565265
212631
2154264
368
2766
63282
41131
412217336
4122
2224561
3
8
6
262722
265334
162
62
1
1235164
644
217577
7531233324
2
6126342672
4421666
26
2323746
2
266462
737222
272272
176625
664531242267222
7662
6265518487
12323
2231255
6661
27183225
43
86125
22
462224153
7665
73252
2621532
13524
4
6
22766
66262
5
35
2712
82
2252
22
714316
2663
22172667
263224425
45
27126
22
5
22741166
2467
7131
33736225245
27125
222821866354
7
36323
2
6575
663
222
16626
42
56
3613
262
3223
2761622227
36222
622
3
56
4
5
222217
525
26226
2
83342531325
25722241734
158
23215
5
27676112622861
2646728531264341
27122
65542
6
26211
225
2385
525225
26165
312
64663
25664
27623
213
25651232526
25624
13
2166
2
625621
27165
8126
2512
625161
47323
1126
2521
65132282
65625
114
22521
25135
611282
4164
3
2466
2
4525213223
27653113274
32
8
214168
31
1
55
1722
125
2
282221
216721268741
23
62
4116
233
2273211
821
6515456
8
132555
42634
222
4126
376
6227166611367527
2227
8
225
26315
231622252211
62125
21
6227614
16
1155
3
571265653
128381224
6
211
2622
3222523
15422
2
22131
211
3262
1858
1725124
2227
45574727
32
2
1521
3
1
87332
22422
2161
21112
3
236
225
111
2221
42
24162525
242
28
65
371223
262514722
6
212121
222112
6
132525
122327
6
522
7
255
52567626
3732
2172628283
2
15
2
12266
27222
16133
521
266
3465483727162
26
51
233
863141
5225
61136
27
37616
14118522116
442172
2561232
525
462631722
33444713
23332
54526
3361123
662662262436
372522
1423154672
22
6
61
5222
13
216
245
2121
21
22222
21
226
17422
226
24157427222
262
26
222
271
2224
82712
831
556
2472755
26
2122
63158
67622
625
2156422
167
55
2
8621
813
33
8252
213252
6274782536215
25752235
5257
4
22
47266255583
62723
22213
54
31
61
257227
35
34
212222611
324725
232
82646
522
22622
152
2572255
452
42
3
216
236
6
352125
3
22
72652
25
565211
4371
248253
3127
2222621
2
25272373212
633283
672
2611172
12124827
211
7
2255
2522
53615627
52564662125222211662
25
162
343
5
56756224571
7154
42
1
31
451235
6
452
12364
227
2
215512
6331213667562
22522321
66522
262624222242562
2325
525
2
632
2231
1276438611
55
5
1
1516
45326
5525
3
6525
1
52657
8236
2832617
125
352
4666
3526
715
8
266
5762157
762267
22326455
8
2227515716
4
2127
22323271
2525
2223125
24
1726622656
26
131
275
22
121
22
12823584
575
11
812
522
3
41522
1167422
21
7252276
36
31
221
6343625
5242152116
45216
4
562
146
62
632222
17
17843267122521
234
561227
224
8636225
3225187283532263221
2651422
237124
2
826
2358478661287
8254
472565222
3621263425
55
35
653
5713
121221
322326275
3126
6116
51122
8
1
53612376
525
326
5427522
32
22521
4253
51
251
2
22
456
522
565541
54212
22
22
2
233
26
655
32
32225837
322
22226
6226
2225666572212221
21526624
6532552
27
87471542
362241
4433
34
62
2
2322
22
2262427
2
55675
6
2
2
16
1712226
13522
26
2163512456
3473276621
11
16
65224
23247
267722621221
287266
25
264
74751521
15722736866627
27
55
2532737
22865
768712
26226
222
2223
82564763268756
46
3
171625
22563655272251
52256
4
2
11785326
25125838256465745
162758236
612
1751
6
368654723
132132225
242
12
1331
85542
356
3
1
53
861
3
322211551215355422
472
1163
31221
852276111
232352
5312446172216212327
6
2621267
32
4762
2
23622
125655
422
56227726656361236
3263
76
12685462
6151625222652821
222
2221
61166
2822
5371622127
2245223122222134
3522
56
265223522722656
662427
26
2642
52
6231626
5246855
25
652376
28
252
257121337257776
554255122
25146
2142865124
4
52
7
82
2246
2213743226
122421371387
4343
576
2576
644561135
6412722742512227526
425
526
56
61
8
273
222176
26
3426
36125
3226
612
24
4
532
3
2
263
434
162
32
5
23
72267622
52272133
2722
81242
55
425
12
262
2
4725
35423
22121
2
461
522
326
422
41
2
324571
221
63
247
356232411823671
66
24
87
1275282
2221
717
222261
32126
275
226627772
55
2
82686
222776272
27
5535721521
8226
26227575
6
52712
27321
4
568
413672
62823
6672
21
3152
66727673
5232151
26
2526
27
62623
11322
23364
1
4
21
12624632
8
326247565256
321565
3263162166762
46253423124
66
31
222
8526
226223
3323
8
2155
2623
66338
28528
242231
2
368
8126
5225
3
256
226
8122
27
71
3722
36252
52157
6545
2372
41533222
327226
1723
42255
42452128
2
2
23725
5768
27
5122
661
225627
25
2
2
22
5
221
74777122
6551
21
22
271
51251
5222
122227
211
176366
42214611
21
2
6
2
253
22321
316526
12525
41
227154327861
22272768637473
232
83
22
16124
22
5676
253832
26
3252
21
24
355
56
6
264
32
65
46511173
6
262
27725225
11
2255622
1313
2127
17821
241411253555222
52611
6723186
625
7
318
5261177
267326177
5
62226252223
18
21272
8762523572
25325
13612
4375
626
2622
36
215
8724
2183221
32254562
1426575
2
8
511274255
2257
3
25
822861
26
42
8
2353428541258221525
8
22832125
25
51661
62
5763322
324212245
55126
25118
22652524
22
11525
12346
4122
22752876
1
3122
6152
128464626
6126
2
222472622322212
42
42222122
2
11186
234642123583614622526
8215726
2456
222636
25
222632
5246
2724725315
22125
2
22
26
23
4261621
222
612
123
22
227322422681
822222
314
2525
2262133
51
22
27
32
243
227
2563423135322325
8
2
3
222
57
21
66453
52221
62115
22
12
21
52
2
542175423
26
2225672
218
53827542
85
272548
3
5578523
2174
8273861476452326
3762
54522
127727156151
324
726
226
282
3223223
526
46
1226
22223
1
21
823
5638
51622626
225
5136
246242
4587
152
2156
363
2
23
626
66
11326722
2822366
3222
22311
2
56664
31185
165528567163
2556
25127
513536
276
5
25
172
23712
222336
226227
28157225528653521155
651756
6222
17
25
822245123266221
1
1643
22
532
6
1216
54822
25
1
527
1262526228
14537571585
1
2173
52
5248
865
882582
22
2
722265
7
226
2282
2426
256261
2562525
172642
7127546
275252
826628
42662
722
6268452
22
2687262
22227222
2223862233
6632
3472
2
2662
272222
522212316
13
22438
5361
56568222
26223
72
1
231226
2261
2261
21215271
23312
13123281
862
226266
7726
26264
377173
45
24326258
361212724351231
24842211286
267
2
2
2
34
572421
22357562632341
52
13
246
131372625
2
472
5213
22262617
226
21226
4212666
341
2
4
25523
282
682321
15
16735626
215
263
2
21
13
62272
2
12
5536
21221
4
3
572467255637
12
362
62432
1367
2
6
725
35656
32
5
121
567
32
5
66615256312661
15
4
6
625
2152
112651
331245621123
622527
2
26
221
21232
72
2225
2726
2
25
3
5236
6674536412131
43
62421
2251
577287
32344167
22
25
6
2223257
5621
2245
22472
2114
433621
226
1762351
52327
213422
22285
87
28522
227
66
24
2676
54
2122262
1762
22
27127
2222
1
4
22
511824421
24664626531325178
423723225413354
4445
21265
27
62
231
3
21
32
6
2
5128
62211
45126
22
3
22212743656372
422
5688688722825863282851261586882
7721
7635
274115
45
22255
63855
2177
1751
22
1643226112331
6712225345
4321282
2
3252
2267
13332
1
3221
226621
36
5252
22826
241
67444746
21227
2
22526
6272
6621
5712
24
221
66
121
2
81226272855742721
83
757
2257366625147612236162
41625
641
2
5712
522367
1
21
4
16
221
15
56117
1112323
276133
51423
3357266
45755
61
3526
64627
3
22755121574
2
555224235
12
3725746872
227
2
535126626318
527
2
216
3
1
272121
3526247263
3521
6222
24
15272
42
6
273
6275626173
142277
713652747
256
262
2
221
77622
37262
6572151222
12323
2137
2
72
6213712
2351
2276715
2227223
12
6726611152421
4451657547222
85221
22
5
2
571556
25625
171156
222
12
625
2712414
24231
277
17
88277
34282
2257
24
86543
344522331
1662
155215
43116
227
25
266
4287
54116
32122325
313
32166
63
3
2335
416851
5323
4221552221
2226
12
6522
5512613
26666
12
3
6
521
25
2
2
432512
56237
2
5
522
522
526
4
52574
2627
3
2263
22126
26
21
36
616
45
2564743
6
41326626256
5322523722246845
1221
56423
5
5224277
4
7221
556255
551727
25276
237
51
24232
27
1
5
22572232
282
422
2241
227652
4
21124765527
2245
5
62154717852141
6211
23
84
62654125
52181221127
15
13
5572
2432124
21568
67225
65265124
122
21
246327646
5525274127235
353
2
25
22
1423
12
57223
32
23272
5135
16
43622136
215575723226
262145736
771
35721375
25
2333
51252
822
6
52261
6224412512253125
122123
5
213
2135
27227278625741251
2
722578
171253
21
53
652
32
2171224445
2
28262
6722525127632
14622
3182373
62231
1326
212
2525685116
654
53
6
12121
36222756
2
2
541726
35823
742
657
2522342711
2
53
457215471254735665162
131
213
225
472
3441167622
5515
6
5346
621
373
63
232
631
522725
21
641
2226
66
1223
46
2224
2
36155142
1
52416
6453
22281
2
6
222155264621252572526
31
122
7
51121
62247
2
16
212351
22256
5
25762
45
6
526148
25256
622256224
5112141221626
54462
2722621352
538521256582532746
12521
56
2
82126
834
22
222
1861475728751457
6135
63
632626
258
23221
11
4766437544255515
328558274334117
22
2752
2262
467
712
5251
21
1
2
61126
21125
6641623
23
52517125451172
1666
17
362
6
251457322216
57
23
255
77265852
5723
73514
235726
26
2241327
246
556
22
24
1225
26132481
337
26
2221
62324
17563656114226
2
2
67422
86
162
2255224
17526374261212141226
24527
234225
25155
42
371
2272
541
44386252421476
224155
1
21
72
3721
2152532
251827122154
652313
2637
8675
28
216723
2557
2
3272256212
1
2525
411
372252763
2
2126
3
226266254722
5
272
332
6
62125
676
5221465642312
335211247
271
42771227
21866245636663
18167621
1
2737227
2271236
5676275
36
223
45462266136
61431537272277
8151175
63341621227226
666
5712
62523
32141
222
25
27712627222322
5
21228327
12
271263
2
32
124
2657522671
455667284
12281566276
2
62
65
4
21313
1
27213
25216652
16422
21515
223
11176
225225
8
2562
221
32212
1265
1
2
241
551511
21
5221
2224612
5
2
1662
2677
13
82265
222
4226675
23
272
5351
622
52311
27252
22162725143521
32322623541
3236223
2222213
36282
3
72
1
712582226412
26223
1122
23
23321221352
272262227
525
2127
6322
544712
63
652
251266
2225521
2222762663
2
57
2
2
252721226
361
1
12165
47312
2822
22152
575
6
123
6226361
412
32
31125
337
6
2787
6262416631276262326
23
67273221242257
233
45
28
21326
22328
332
26143225671
5223625525
2651
41
81
3253852
173532221174423
5
2
4726248
52356627312254
8871
6221
52
362656
3621
22165
57
8215
12
8254
156575
12554
6
4221
272
15152
255
252
622
52
1527
4266283816431831
212
223226
32
21
3
211442
43
67
27171
2215
2
552
527
6
5222215472
235223
21
23347421265245365
21
22555561
21
232615166
15312
23
21712
122
2526763
6632426822
47153
6
4527
38
4
33314222
43121
258
3
23517
262157
27215252162866
41231237
42211
17
3263
235
31143
62272
122621
23
622
6612
6362117
2
2763764721127
65554
55
348676
815826
2422253
11828
5
1522328
2
11238
44825
2521
74
71525
5272585
646
22536214
5125
2624512724215113243
221275463
5212651162372233652525
25384755242534224736411732657165222133721
22162246232
12
1121
1231722752312
544722
57133
2
12
3
225661652212632627167646522612277267521272156215444
5114225
221
12112
32
27237267
7
522
11
6365
1
632
35
3221822222
6
31232
12514
6753
1313
2621
625462
7225
44324
42754
621257
2
1613
4
2746213
525227678
2552
126622
2227
3
4522822622
2551
41
2761262
2
7547
2253455
4523
11
5
127227
222
851261668
2734232712
24
6
532
7252
225
14522176166366623443
423782
237256
211253
222
52571725
132311574256
125221
5221
51216
4266
4162442
524
63
8147412371152444265461
42713
6621512354
615747224
4616356
47
5522413145225
22165421
5
222245
2727
22
222722
6122534
4125257
26212
671255
652
2
225
2521566
524
3437226
621751
43
25
6
21
2
44
27
22
242
64268
274335
6226
62322521
4824
217
46
67
16
16724427
2343224
5
5535
2262255225
27213325255
246152
23
312232
1471427
2612356
57
2854
216
62652
7
518
8326545
15322
512232625
57
2
266231222
251
3832
2
47
25633
74236272
6865
33
2762267
56562273
15185
4525134152546
17122423
11623
233
61172
2264235
1416
32126
5173227
2822534
2253248
2
6546
8762
471217
42
22
5
5
1212326
5826
5527
36
4255111
6
3
341
1525
8
25571
65
3515
6
52
12532186
4222
27235
85126334
26453
4
5462
6627541621223272721
26212
62132
26243
5181421642227742527426
4574
53
2466
22352
1
5241613
22822
2216
4222721386
8322
3225
22
331
25364247
875
6
2
226
2223
4
283
42753
625
62462623124
2563
636211222276
16266522174626
222
2
25372
223
452151772122521
51
371151
3
2826
2546
25322452
6
25
272
2644672651
215
2722
4121185152674128276
226316
4321122644
42556
32
2572
6176571722452623562
641
554
652
26371712222162
2526
874814
61324
56
55212657
8552262
25712
126
27
4
63252
27
5285
2227427222
21226712
228872426
2
2865
27125
52
56
221
251735
525571
2286522827
32214
7852
2625
27272321276
6611
2
8
37321
422
25
7
52513
63174
5541626427126
24
615242
5133567244
2544
527842861
4732
3253
57124
5126615232
1225326
23441225
122651271
2341772
825413
46
6421
46
422
352621
416
6347516
645
27
256765
34668
8216
4263522
225252226725221245628
568632225222
84
21
222533522
52558
3
521
6761272
1
11625
25
567
17222725363282122276
7231231132
2
8
222233
31472
56
3
5255461262
22874
222
45
223172541
2253662
2
8761
6326322177524
51
271
512412
8723
542136
623
1
4
527
4225
44
511
63432
86
2
211
2
821522
4333
127221822661
715555
6525556237
527
225
4154655
214252
2
62
8
3232226225
543
5221
72
65541
52266
227
13
5
52
41
23627
25
32462632
62216657125
4
76
637431336
221362222222762
222212623
3381
622
7626
622
22312662666622
7254762
16633
26466227121
226
723
62
57346
66
5221
252
23
23
62221536
2462
426
672522
22
36
226
427
225
261227
22
27
2
66
2227
325222525222
36
225
264361232
233
2
341
2123
32
5221
2
22226
26115252
422225
22327
12332
223
252
25
28
2551
26
124
35
5
2731
226
2
26
72
52
5
275223222
63
262
2
747227222
3
227714647721
24
175
265642
2
524
276
254724
24
2161
6262
25621
27
561226425125228525
126
2127
22
27254
7612
1
32
17125
2
7
23125
27
251
1782
222
12
6152
11
4722
2721
351672627
12526
56278216
225752
235
22
7
521262624542
213
27116
2
52
226
24
522127
22265
35
45
462747
16282522
51
5575
65426211236
276577
823
4715643
2
22276722
27472512
2
811127125627
268322
22
55
6213822287
2266326
5524
366654
6516726256534
617223
622
62
5
327
22261
2
21521266
4151825272635256276
336722
5
33675221
26
22
242227
565722
2853
6
25276
6
2213
26
1
271272
671
32126
51
22126
5
15
53686686
522
45421
23
176
15
4
7782
11133226
31552122157
3
1357212
65612
272278
1213154
4225
21
22
2
6
3226
2212
622232165
1627262
3345
22212
266123
6
2
88
227626
26
32
3554724
22
22111
2
3572
255112644
2226
626152
4
82152
227
437216162
622
2627
675223334
42361121
2665223276
27612366
6
2135
63266
2228
12
37
25
5876827262
322
2
58224
1255
412352
562142223165625
26
1
8
221223
2156215276
12227
5122334
3
227
22
81
2213
22227
26
2562
215
58
522646
81565
62516
62657
27
52
712322
26737
33
2
277
21
5
6166578813
568775
6125314841785
6211613272252221562552
2621
22
3215257225
25811252
52
276261724637
22
3226766265
726266
163
224
677748231
62335
6
4
5
271452
222
2
3
626
2222
3227
626112237326367216642
32
272422152
6662325
42
8372
23126
22
275
3817128742
225
86
267
4233717
1756316
141632327568162
612
852816
336646
451632647661278
51
47151523
22
21325624
4244455641
874
121541
1255
661
55473
7855
2522
3
6252561
52121567685
1
26
1
27
64527752
222
4
3856
332
77513274533
6242
63245
162
5146
52633
2612126
22223
241
27
273
12
55416
36627
3311425
2525625
2266512213
22621212142171
56
2
652
26
2252137
264827
46152
2173
4521227
21
2226
3
22
12321
23322
32
222
562116872
6731261257
525624271115
2427582767
122
6111
147
1325
125515
13524
6114
2
11
5142
2525
13321
532
732577
1
255
23
67621
521
4525226
8212
25
531
66
33
3167
423738
373175
22627
2
2553
25
7
432725182356622276
2253572
171
6688
6632
22562456
21
25
3663454
23762
6653232722314817625222676
6362178
25272
2128222223
2
22
6
14
323421
162112687
162
5
432316
61
6724276
56
5676157
237321232342355232
2322
5133
2761
28766522
226436
62
67835167122125
1521
35
24216232
2
2572
3842
2
5
12223224521
1
2213
26
32222
726
5225
265
13241356
21
54222
4
252
28
533
222
63226
555124521
323
635
1382
16336132
22
222
27
22321
2
2223
4
1772
545172
46262123
4
6427
883337126
327
52412267
61182
772652223
42
241
22666477
82572
3452
222
2623
2
6
13
52
245
622827612212
2826261
26
3367242246625264275712232611
12542327
3
12
23266
42526
4721263267416222322673
4
46226
53262272226
56
422262
3
21
22225471
666636233
3222
51345
63
42
346
36257
385837637142351
63
624126
3453226567257141272212662722
3
72
626134
2
1
25223
35
21
64111
424
132311
65157
662242625226
22725
424371564227
2
4
522
122371
62
5325
27
37
271327
1222668
425
2215422625
246
5215226725524
4
454
476
221
151
4422
422522
525
21
522526
22
66667
57
61133
261
262
65612
376
472
27
523326
18
22
52
28
48
12337
25122
326214
523
22
26266
5
2241512
24
522162
432
26
65
32
472412
221615721472634725327235
222222
28
182262
16
163651432
6228
222566
2821
2112223252364241
52552656216
32222626
26
3
852
274
71226
25166
6
57321
62
6
622
36126
47674467246521
66126
62
2671
361113
111
55522
266
53
823
223321412
821
3523
5
66276356
3
24
25626256268
7223
2256
216677726
53
6122558
58616122277352
123252
153645
4177122618
88366882283557
16623
28
1132
6
87552865
51
2
752
821825
21
5621
8
2625
21761
227
22
21125
2
323516
52522
2
221
23
11
77
24
5486
25
317455723252224625232777
471258625282
12
6626
52
22656522
5722
2
25717525
6576726527
83
5626721462
14213521
235
26216212226121
622626521
12
25762
7362467
266116
52
4
716
2216
28167
32167232
26
3726
15
16
47517
627
2257
7
21
4211215562
672
225
5211816276
23
267
85
12
6133423
261137
2527652
136
265
16525
25852
526722453
7322156222625412526536
2
34371
5111362
6
47225
241112556116
25
6151
2241
52
252
225
637
75
3
31
226
22
256485
363234451622
2523163143
35325
8512
6
25721
5142832
676
22482
5223722
83
22315
22
1216
154
822
13
6
666
214852
3276
42422
41551
12
66
2362
1272
22
221
26235617
23612
3226
3
565146
627322542
85624
1763425116223
2126
16222542
664
87624
15632221162
6112
2122642
27465585
673225116
85
6267272752117
3
227262
8776146642
71613
276732231
8572137373722326
272221516
317522631245767254
411176572
73
5345274
655426361542217722
211
2322366556
42412
322
6
4551112236
1
45
1125715217442
22
726363127
577472476
252
64511171322
6
3223
537417627
37
5652
16
22254
22
2
666512
2
13322
2
33
254665
65111122
722
3225767
378
212655762227
218521
253
755
17
4262
56
2247254
2547
5
5224
1712472
5275
4262
58
4
523
81
6215748
21312141
12255274
5222122
26272
22222
25551
32251
5421
5765
122676
372
5874
4251
52
23742764621
4621385
6
2
5
23414733
56248356476
327
1
2112
526165
1521
4615
21
24
15
1
5
8
3316
2
362
22262554
3221
6722225523
6552
57126
54113
51156
5265
427
25
514
271
2
8
315512
22172
22212
27462127
2226
1557627
4
332
221
2127
6
532
42877321112
2524
27
45227
242266
222
26
3226
2
4214228427
1
4225762
833262265
2522
55
256
6222
22
22512153
822
25626262
26
2
8226222757
435
125271
2222
231662
52
21522
2
42
836212321164626
147622
225
222
2
37151
6
2
252
2
2165
6
5285
228262
124
26
551
54
23
272212
2236
27165213
68
3
2827725324
6126
33
722251227
4758
4225
2145
4572324278
62
42
227263175
23282215235451238
536
252123
23
3472
35672
226
3
287144536
26
12
22356
2347136226
526
1165257
852222
31
6326
53228235
2572236
6574525546
32137421
36626
2
2356
11
2615
212
35
16723
6252
73545
22
522
227271
61
12
42222526132
7613
13326622326121262
47625
214
26
6657
5111222155
26213
64
11
155
6
11211
22522
7
2
2
62
1866152133
42126
33351
16325162
8272662354
53126
324622
1
53
72521
24
4
8413262272172222212452115725
32222245116256722662
3
31665342
21
2
25262223155
722
536625
263764735562436222
1424412135621
123221
245288537622176
242724
4324252211
24228551
462342243152
221
3463772
63122
315223514
53328
62265
1142
422262
86
2
2
6123466
62326
472236
56222
53212711
27222
2
2167
2127522
28252
2624
21752212774
21422417212
377422222
466452543
22
2
1247
5526
56252
16
754121225
416
6
225
55722
517272
2
6253
72
141535622
25
67
256526522
15247
511
512
1
36
51427526
52
514
6
22227
21221774252563
212275
211226
32
27272
311
7163628
32
52262
22261
372
2657
827728
2628
75
22
12525
2641
427
11325
55412
562676
32
22226
2
221
2351
5
225
262
43677
1644
722
4337
53
1222
2143112
2
2262522
227262
12
526
325227
6343
24756
524321
27
62
7262
214
775682
112621
2
35
5
22
261
6527
563166267
2
22
332
22
22
2
26232
22
47
31
6623
26
25
66122222
566
21
3288
521622
6622
323632
38227
56
22
262
5
81663
8272
1423
37
512
214534657
8326
13
21
1725
213
31625152755
22274
226
246
1252
21
2
12
6463322
31618
32
62625
12
22262352
47
13452635
81146
2862222167531
63638537331526322524
23
265125
224667365
624
2568
553165244
62642626471223
872
211
4473262
322
4622227232711261
437345726
242
6
6
5
41
666
213221
26
2727728
26214
42411532
24
2333672
56616
1662
43
2256
1133156
74616
2663152615
12
46
625466
265212
2123
256525
46341
276621
6265772416
516
6
562
632121322
8353357637252562
64
365
225212721
25261227321
5
265
2
31
6
253
2127
256226
2
2722646
2222626
321322
2123425
53
5622626
5
1
2224741336274227276165278
2427512
6
2
2
2618216
2
17524151564655145
222363142135341
2256
1
47244616
143271311372
1647
24577672
1
2626667662762222722122726426686742226327442317622731
67225
26215256
111
224
264
5513
226422
4
31
222
47426
8327527
58252167
6713252712151
52383
22
5
241
4222332463
11
31233
5624
2
1
31
322
47512767
2456
22
5
2152461826
677221
66
254
23645286
2646225522272222
7274645754
32
1
6623
17
66222
2712
528
1236222562684
22671
6
22272
6
24244665261
1
861
2226621
222
175121
2
2
225252211
227
6
27
5226153
22227
651266228
22
3511
42
2
2
63
541
51652
33117364
617
253645
5735
4111646517
566525
2562
5231
432186426
2
666
22716216
26663824
2
27262
41
226
61
47
6
665232
23163
53625
221
2231
33
3
2
522
2351562223
6
321
1146243677762
2676
8735
4
664762
12
3
421
1422641226347222
4332
426
242
281735634662
211
636746514
6523262
22
27
3255
45267642222252
41
52432516623126127
214275
5
45
42
2242
1
382
8612
87742
8
6262
62512
23
2311
62
211
21161
6652625
24212
428
2167
317112
232
754
1516822822
2712
112
621133222127
287616
2117412173541
21
45411
52271
6331
5225
3221
23327
35176
6415
61
3
1235123
21725
5225
2841
2627323521
33
5356627
22
22
2222
31
1252221263452
35
274
1513
4655
25
11
325
661
63237446583
162
13734628
55
714
82461625
756665
114
611
6623154546125
24
734
57
55
22232522
22144
6
1254
2546165251
52
272532321
2
2662224522
28712
22174421
2
812217262324151
262221
7
1
26
1212
666541223525572252244
2
16231
222
122622
5436
25
48757842132628
5326324621542226
237663
227241272
625356
272226
55
4717223
53525721781532412771125127
2226
5
222246
675
462
82521
57632346656226532574623132
42
23147
25
6211237242722
62526645223426282152522
25
21256
427122
632221244223686
67122518
1
626636222
34
75723
56214
616
2
2536
2232166172
671
6
6
22376
26
111
33
2
56625
363
2152134
27656235
661672
82
4
532212281
3183
72
4765
22156226137
2
54742
35
682125
525
32
2
3263311
6
61226656
582
82725
226
62221
225
222
12622
412865
33
23227235111
17
211252514
31
62575431232
24
2312
65
112
212
86242
26
24727174841
56446
22
213
63422
64121
2
5252
2
6216225
65412
32
256
62222522
221
22
1
272
6335
62741
523
13
22
23211631
5153
5115
217534755581
2335
234734
63213
2
2652231
61
66
6
654671333
12
6515
522536
667
2
151623
2
273643221
21657362
222436214156636
64432241763515
362562
45233211
2263
73
2
26
271
622142
6
61231222233446
3621262326261775642346322622232463827222
81738682221686822685851858
5
2
3
2734
322126
23
28
516
21324311712
8
2542125227223124464
6
22623827842626
2462175126426
2467437
53
52243
652412128
222
12
155527
3
526
81
38725716158
3
524552
625
1
625
124473727515
6874
286752
26
41
23
2516
4281437153
17166
521262
258
421444372415743
15
122
12125
22
145
5132
46126
26
1
267426
25
23
22557
22
15
617274
5
6727
46
333527431
21
5253321
24646774612252217
546
224621572
66
22
1
2641
214317
2616633625456
25221
162
6
223
266
325655754
2226
326
87
2252
2232
22116
66162
52266113421
1
22674
3162755
74
6
23
1
222
5242
3562
31252652
256
5575
22522
21221
22361
522
2
27
3512
22
22621
88142
12
22222
356121
4
12125
2
251622352
2272
2
252733274121
24623
45228225
2
372233
1
2278
5
8
63
222
221
1536
252522
2221
2
1
2235
62256
42
22
432
1232157
12
81
81245226
27
2
16772651
75
56265
72615
46
27
1522627
78
25
2
2
27
25
125
5547161
226
222741
8152242611
2581
12224
212
3
251
225
2
16714
232
143867
22621
2
8
272225762
12
121
22375
7
27122
21
25
6
7
47321143
852211568121
6626
22222
825
271662
1256
215221
2221
2
3716
2221
6
267
12
36
3622
26
21
5222745
421
3
1522
22
52
3
2
8
2666
2225
55
5852112
55
2251
322
2112
61
2
2
8155157
626572535
1622126
111476147
22227
518
35126
157
47
8252
2
222
32
6
141512
6
6185
4
222252
253
5
27
163113
6
2221568
1633122
31216
442722
621
5212154
13523
2226
65
66526
536261364
6122564
4315236526
32
333156
4515271614
6112264
2163
26
22
2
23125
6532662
61226
27624
24261
4326
5362
5
6
5142564
47781552
35352232
23
33533146561
324621
75223262224
21
32
2
643
26665525
6
2121
845237
222
6716557552215427
24
3255
35235
15425
42
12
3222
22424573365
1523246
26
21272
21
22612
34213632866227
4372655522751115522
21532
22
72262621462225
5157112252231166562322652
2
25
2352422552325827865242262
2816253751
238
122283452326
65622
32456547557123666572212513485371262627
667625
8627
82
6
6521
32622
263222
211233
621
22626
383526676
36234863
3
355
626216
23
322622
272
16222
12
221
453231
8
72
2454
75
23
2
874246
16
3
62678
31
25
56
6
571
1774627
525
2522
228525533
56
222
3612638265172722126271
6
2555225
21644
225
22522
4621
252
1
72
242126556452722675123665
41
62
646266763
662
1
223343633
24576732625471614
54322
2241653522121332376
12655
262
3
222466
2523
221226
221
253
51462722216
225451
226571153
13246
22327
112
22322
8
2
3156262
23124722665585
3216
2
332624
21132
2272
2
67125
1
1716552
243
822278
212
2422
12
65175727
552716
45
24175722527222
228
26
14171
1627
67288
6746
312
26
2186
222
27
2561
166261
2768
6454
28216
1116
2723
1242
65
5
82
225
6
355
65
54
265421157221
13222
2
2256
564
5
2
51
32
65625
36155
4
1327
235
23
2224672
225
61
22
2215263725412
446756551
6
2232526
3
162
27514
226426
7523617
5135615731
514
5
5216
68
26355623
6332
26
527652315
65
2
47
5325
6
11
36165
3236
6772667
8
6752532
25
6321
6
4
33
52
2
2
215125
114
2433
11
2242
4387381
12286227
2125
2226
5746
28
83
41253425
5278
2
16245
334
5
11
162
3161
874661
561652473226713
742341643232234614427
54
21
52281
36525
6
151212
6
223376
1212326
1616
151232
6
221526
3212123
62
622121
262
2227
18256416726125248282371556
221
6137263
82
2235
2154
22
4622
5222
2322
22675
27621
5
22
321
6
6246
27
2
1
22326562222122423322
56
6
625
62
26262
11323
22
32527326632212
3323
3584126265326276
34217627
727222164
53715
5
6262
642
262
5612444564
11
457
2222235261342
271472
21
272322237
12
27
2
2
1626563
22522
2
22
2
83
1
612
52616
258157
228576668621
21
23522
31
251
6
661226
234272
32
35672555
674126523127
5
3423261
2241
232
24
626
527
22
6312121
24
6
623
263651
4
22257361
65852
5476566225321
21
22
2
5111251
321
2122241123
562
2525628
21
2323712
2421
2253712865712832526
2286
2113322
25256
22426
3127231366
22732
5626113
63
2
666625
33755
22186
21
331
41
5652463847
271
2
21
1246462
2
27
4465
26
472
331341
766
232625
6556
273226574
52
66
5721
323
5
856256
6127
68261
73
73157
323526
87
253362
628
3271536
22422
224
132
1282124
61
21563
4532151461212
8232
45581
32641
43252
56
25121733
6
4762252766
1532121
6
3
6
3345375
2645
48755261
11
3223
4525
528142116
6
6
2464126
12
2147
222836527
222222
8
23
2
1728
26
72
261
256
521
322523
61717527
21672
12
8235861
2621
22
215
42
5
62553
4
24
61472
24126
545
2137657
2225221
15216
22
22
1624152
22
2272
212462623
6151227224322132
2526
32772241415422
622236
222
226152
2662
2
752
2
523614
24624212526
22322
52
1524272
45231554212325152
421
455641277772126674635211545421732271616222
2
2256
22523
12261212252327
262
4121132576576
421712
252
652471357
66
663
621
5312
12544
3222
26
522
62653722732
6322
27
21
87125212222
12135457
162
41
273525
285222
8112227
3827211
5571732642
62151
12121
4
3
3
2
2252
87662
522
7624
26526
164
1525151
536
2
41564225
2315
41
172126
5332
2126
6262
513252331
3
256276
6
281
26
6
216
2636
7
3341241462667
26621
46226722
1333
562262334
86
65737
45
326
6623512
6
1526575
332
256
246212
223
25
4216
624
216
625
5525
17
22625226
22
25
22623253
335123
2
2571
263
2
27661
433
284
2222626721
552
5223346
33
66133
52743
321
8
7
23231231
6523
223
4283
2
41
222
2225
65522
2
15
2476812543
652
252
661757
62
275
262
6675163272
2
6
43211272
222
226
25515225641
222
54
26
2272527
1
222
36
6
2223
11525
221143
63252
2
25222
14511652143327
46577
26
2
67
655565
3511
222
822
362225766
625
85
221672
522
45
223
1
212255226224625871456
223
2
5247
621312726146
2
515
825522
2221
2712141
52555
12226
241
2
22676
12522
33
22355621
62
6
26
2755635272
2
2268722
621
56
85432
252
512622135
52
232662
12
37162346632
2772273751411
62637
221
74222262
8441
4651121634226
582
23151155
527
227466225634753617225555212564
2276662726234266115367
227341767525272
5
2321
27833656511
4
35331
2422122
6
34
26
627226
2
772252731
22
22236
74662234
6171646622
366
2771662
8714
51636263622261
234451
666223626817
17
512825227223
855
62824
17112
2
37261
27114
872822
211
6
2326
261
3
23
3
3213
5526
5342
2
728638822
528
62322
23
1755752
23
17522
875
8
52223
61
152
1762162
225
225
222
221762556156232
2542141212372
3
272
2
4
25
6521622
6
2
252
722652126542
6162
2
2151566
361151
6426
27155
2
2
2376
5
4622
74
22652321
224
274126
22
632465
512246631
8221
42251
14
51
2432
175731752
4276
13215
37
82223
215
452
3
352254131
242521
247322754627
145765612
1
6224
166232216
3162642241
215342
2265
21
8238562132255522732422425
6232124646
6522
43
3
2726582422255
66
66
2162112
2672
626612
4
6166
212362
6
6662
42126
22
6
16621
224
362
763356
5262167
224527
24216624
2
653244
26264
162662
7
232622
6622
8626276
26
7
266266
2
622222
2
52
22667
5
2625152227223316627135
2222
62611
21221
23675
235146
365
6222533121652322
42
6738
2637
22
2628
2257668
24
2152166
24622
222222332371826131613
122525
32652
726682328422131242627
25
23352511
512
5
42
52213
52
6
34
632
36126
2223
65448
1256726532832
6612
26123
4
85261
252852
4276
2262662271
82727
572
221232265211
52417
4325
63
252662424
25663643426456
5712
64125
66226357
225651
23
8
2263
135245565626666282221
34122425222
6678616
52542361
23
463
74246636271
2664
2432622
3225
51625424227
3
3227277527
4141843763
2
163271
5
2
65
1455
6187427
414276681771
2
2
421
227
5712686
57261
32
32
26
6
56
5
462
2
661
52
5521
7
221151328785214653526566425
2822
2714
2722323
622
6
322
41
6522
26663
226222326
22852852224166
711
4524
27
22221
2
23276
2227
476325
6
222
52266222216521
2461
56151223
62261
2272522
352222
6252272
252225561
2721
2222374
3
5
42861
224721575686
2
8
2215
227432
2157
25727255
6637261152
56
2821271
222
23
12121216
47141
121233656
5
22461861623328
81263
82323
22612153
621267173
6
1
528
6
262
22221
664
2
365212
254566272
4
213
42
35264123322
54632433
3261
2121236
27
2
6222243
353714
2112
672262162
861
21715
54626
2523
2
42
2222
4267663
2666
2225
3517
3522357122
62223
22152362
227527
223122
1515271522525
6512654652
15225
6222162621625175
6112
367244251
635
373652
1
5
461522
12
81
2656
32121
13225
26
171
62347
6
4743741265247521472
3723
21322417638772
671
2273
2
874525223435127888813322273447364627153
2155654621235436231132
2231
5123
5
3
652227232
52
32
2713
12122
4521552
2462
2312427
5
2726672222251
2124
44326767255
6
3611
22
5216
18225525471582
25786
3151
52328546
22
212274
373625
5
41
8
2222222
2118
6526275422315237
24
25
6
528122
25
38
516
16666226663
5326515857
516
3
28532363
6466
6266
47
82
5
2374
2
662252
4115574
277525
28
26226727
22251
21226625721
246738258
5712348253126875268312665
52
2
54226664
3
212267215
8
522526326
222
2222
123
226
3
4557
6322
1
2225
8
31242
22277163326837
625
22
45
255422
62162
4
576
63663
6
2
65
234326127
3371632
122522
2456
3421
63252212251215162
15741
6
5213266
6
223
1125
26
3115
5
2
2226
63221262261127
115
8
6277
4357
33656
237635
42335282
2
446752
2714
45352226725
3268
6
23233
6
1556428
224
42
5
536474122354856
2742
561
23743
37
3222
24522
227823521
73
36
26242
32
52623642
24666
53
5618423
21662
6
57122648
1
54
821
522
32
21523
2283
556557326432
47646
2
25642581226
1
524
21
213
35267
1156716
125
1
5
8
27222
35421141762
12
223114
21
233
161127
5812225621
227
6256532
35
