65842 1
13542 1
16258 1
62518 1
52486 1
42631 1
4816 1
41235 1
21435 1
15286 1
16482 1
4531 1
41352 1
13265 1
28516 1
18624 1
43215 1
43216 1
65321 1
21634 1
61824 1
61825 1
42815 1
42816 1
14862 1
84652 1
62314 1
48126 1
46231 1
62134 1
31562 1
12854 1
12458 1
28654 1
61325 1
61324 1
61258 1
86245 1
82541 1
15462 1
12856 1
45321 1
64312 1
14852 1
13245 1
18425 1
14325 1
15324 1
61248 1
13642 1
48216 1
85126 1
13254 1
86412 1
15482 1
28415 1
28416 1
14682 1
82416 1
24618 1
24581 1
13652 1
65821 1
46182 1
56312 1
26184 1
42635 1
12684 1
21864 1
21648 1
53162 1
34126 1
68125 1
25184 1
25186 1
48261 1
85642 1
61482 1
28465 1
41325 1
52148 1
84162 1
24658 1
52418 1
21845 1
61852 1
13425 1
42351 1
41825 1
54812 1
16243 1
21534 1
12534 1
56182 1
26315 1
43126 1
52316 1
65342 1
26135 1
41852 1
64231 1
48251 1
64812 1
84562 1
21548 1
62481 1
18524 1
18652 1
12435 1
15428 1
86125 1
25816 1
42658 1
16425 1
16423 1
24815 1
42861 1
63142 1
24315 1
86152 1
12568 1
16528 1
12635 1
12634 1
21356 1
85216 1
46281 1
85142 1
16852 1
46821 1
48521 1
65284 1
64218 1
28145 1
21486 1
45231 1
63124 1
51248 1
43251 1
13625 1
13624 1
13562 1
82516 1
81642 1
85412 1
21586 1
42851 1
68152 1
86542 1
14286 1
84216 1
45123 1
12548 1
18562 1
24186 1
85124 1
58642 1
13256 1
48152 1
63214 1
84261 1
52864 2
51286 2
32651 2
46132 2
81246 2
26481 2
13452 2
16253 2
26158 2
52468 2
81625 2
52648 2
52481 2
84126 2
46312 2
85612 2
41236 2
24158 2
28564 2
61342 2
43261 2
82456 2
32641 2
81245 2
56132 2
61528 2
25431 2
26148 2
43512 2
85421 2
42158 2
42153 2
13264 2
86425 2
26814 2
26815 2
23516 2
1548 2
65218 2
65182 2
64852 2
25134 2
25136 2
13526 2
51824 2
43521 2
21635 2
41362 2
64321 2
15842 2
48125 2
84251 2
84256 2
14263 2
62135 2
35261 2
61253 2
24613 2
25631 2
25413 2
82546 2
16824 2
43152 2
42316 2
42315 2
63412 2
63521 2
18426 2
51862 2
35612 2
68251 2
12846 2
14528 2
15326 2
82154 2
82156 2
41258 2
16582 2
41253 2
32416 2
48215 2
84526 2
26845 2
15623 2
41632 2
24361 2
6531 2
32465 2
82415 2
81542 2
24631 2
21468 2
26185 2
12685 2
42681 2
45182 2
84512 2
14235 2
15632 2
41532 2
12864 2
34162 2
26518 2
12463 2
65812 2
21856 2
32145 2
42361 2
63421 2
4135 2
42185 2
43612 2
24135 2
64215 2
45281 2
31526 2
31452 2
82165 2
28615 2
35621 2
61582 2
25341 2
21846 2
32164 2
85241 2
53216 2
62584 2
21536 2
15263 2
14362 2
68214 2
68215 2
15362 2
12536 2
61284 2
61285 2
61842 2
43125 2
26134 2
12345 2
62485 2
18526 2
34261 2
28451 2
28456 2
62158 2
12436 2
15423 2
23165 2
8514 2
26418 2
23415 2
23416 2
81526 2
23541 2
16428 2
53126 2
52184 2
48621 2
41286 2
52618 2
12354 2
14582 2
68524 2
68521 2
15432 2
12586 2
61428 2
51428 2
15234 2
24681 2
62418 2
16523 2
41285 2
82645 2
85214 2
46285 2
21365 2
21364 2
12365 2
68425 2
14352 2
18254 2
24136 2
1534 2
12563 2
51234 2
42136 2
41862 2
21485 2
16842 2
46582 2
31245 2
31642 2
24513 2
25861 2
84265 2
31425 2
25314 2
26354 2
81265 2
56812 2
82514 2
62531 2
42618 2
42856 2
62845 2
1648 2
28546 2
28541 2
1354 2
28165 2
26584 2
25846 2
65132 2
65248 2
24536 2
81524 2
24851 2
24185 2
46258 2
85624 2
85621 2
18462 2
46812 2
68142 2
62184 2
1634 2
1635 2
84521 2
14258 2
34216 2
35162 2
25841 2
51263 3
6158 3
56128 3
26485 3
81624 3
4815 3
45682 3
43621 3
48562 3
14623 3
15862 3
58216 3
21436 3
36152 3
41582 3
51284 3
23615 3
52816 3
7526 3
46128 3
46125 3
26145 3
85426 3
53612 3
3528 3
68452 3
25864 3
18625 3
12486 3
12485 3
35142 3
35214 3
4752 3
61532 3
51826 3
64582 3
45862 3
31264 3
62341 3
12453 3
35462 3
86241 3
81562 3
64825 3
56842 3
25143 3
25148 3
4712 3
16825 3
6184 3
84625 3
63524 3
24153 3
68254 3
14825 3
35126 3
35124 3
32614 3
65234 3
28651 3
43162 3
42165 3
86521 3
58142 3
15628 3
41528 3
86215 3
41526 3
45132 3
15826 3
24365 3
32461 3
24586 3
35642 3
64132 3
24635 3
51324 3
65824 3
21865 3
21645 3
42685 3
85462 3
85261 3
68124 3
46235 3
36124 3
26851 3
26854 3
46218 3
28461 3
41623 3
23645 3
31625 3
31624 3
13462 3
52814 3
56321 3
32146 3
1854 3
62354 3
14826 3
21456 3
63512 3
54312 3
12865 3
24156 3
82164 3
12653 3
28614 3
82614 3
82615 3
32156 3
65482 3
64352 3
62581 3
21684 3
45362 3
15268 3
14562 3
25681 3
25684 3
2576 3
52314 3
16432 3
64182 3
64235 3
86452 3
58612 3
34265 3
15682 3
86124 3
25814 3
8516 3
61432 3
12645 3
12643 3
81452 3
81256 3
16285 3
52186 3
62814 3
62815 3
12356 3
42865 3
26431 3
61423 3
32561 3
12584 3
51423 3
32415 3
65432 3
64258 3
4581 3
46825 3
63152 3
65281 3
54281 3
18256 3
51432 3
16532 3
5184 3
62185 3
58624 3
58241 3
18245 3
23164 3
31246 3
68542 3
24518 3
24516 3
23154 3
21453 3
25316 3
26351 3
51243 3
52841 3
82465 3
6134 3
6135 3
21346 3
41256 3
6314 3
42613 3
21584 3
84215 3
7652 3
52684 3
31652 3
62548 3
4275 3
84152 3
31254 3
31256 3
28164 3
56482 3
31542 3
81254 3
16284 3
46321 3
45218 3
64281 3
62458 3
68412 3
62851 3
14632 3
36142 3
18264 3
58462 3
34215 3
51342 3
32654 4
56234 4
56231 4
56123 4
26153 4
52136 4
52134 4
84125 4
28561 4
41562 4
8165 4
8541 4
23614 4
6572 4
86214 4
32645 4
6148 4
25613 4
61523 4
25618 4
41826 4
42156 4
6815 4
54182 4
8154 4
34526 4
14268 4
23461 4
81425 4
81426 4
28641 4
56218 4
65324 4
43526 4
64325 4
62315 4
26451 4
68245 4
68241 4
52631 4
25163 4
21685 4
51632 4
25418 4
6185 4
62413 4
46852 4
21643 4
84621 4
54213 4
63254 4
24163 4
61425 4
4351 4
61243 4
61245 4
86251 4
24685 4
4618 4
62534 4
21653 4
21658 4
46532 4
45628 4
42163 4
63241 4
1485 4
41523 4
15824 4
24568 4
4185 4
23651 4
14532 4
82145 4
4762 4
25364 4
82561 4
85264 4
46528 4
12346 4
14236 4
21463 4
48265 4
41628 4
24351 4
1458 4
32451 4
32456 4
26513 4
42561 4
43562 4
42365 4
41625 4
42186 4
62351 4
31524 4
46123 4
42513 4
42518 4
64512 4
52413 4
32154 4
21568 4
62345 4
53214 4
4315 4
32546 4
32541 4
32165 4
42615 4
48652 4
53261 4
2756 4
48256 4
21546 4
23561 4
26413 4
51362 4
61542 4
48625 4
63542 4
34251 4
24316 4
54123 4
58421 4
32564 4
15236 4
62153 4
82641 4
45213 4
46352 4
64528 4
58124 4
64251 4
54862 4
12364 4
4851 4
53642 4
48526 4
54286 4
3145 4
54132 4
58412 4
23546 4
86142 4
64213 4
45286 4
28146 4
82651 4
62854 4
65423 4
41263 4
21563 4
45128 4
4861 4
63125 4
5316 4
18246 4
1435 4
1345 4
23156 4
31426 4
25648 4
65128 4
82461 4
81264 4
64128 4
65123 4
25481 4
25486 4
25461 4
5148 4
62841 4
15642 4
1356 4
26341 4
23451 4
26581 4
65243 4
24856 4
2475 4
64285 4
62451 4
58264 4
58261 4
63215 4
8416 4
8415 4
18265 4
14253 4
1486 4
52861 5
51264 5
6584 5
58214 5
5186 5
56281 5
15284 5
34152 5
23654 5
43265 5
82451 5
7524 5
4726 5
25614 5
15243 5
56821 5
16245 5
52416 5
6814 5
41682 5
7562 5
35216 5
65213 5
51623 5
6518 5
35264 5
26548 5
5864 5
25634 5
52341 5
53624 5
82564 5
45632 5
13246 5
53412 5
54321 5
14326 5
8512 5
34612 5
26534 5
32615 5
86254 5
64123 5
42168 5
52681 5
86524 5
63245 5
24563 5
8615 5
26458 5
35246 5
35241 5
25168 5
25361 5
62435 5
54231 5
45612 5
1586 5
24356 5
23641 5
6418 5
4153 5
58162 5
54826 5
41326 5
35624 5
42516 5
25346 5
56248 5
6382 5
85246 5
42356 5
2765 5
1845 5
53142 5
1274 5
1472 5
31462 5
53264 5
42651 5
36421 5
62154 5
1684 5
1468 5
15426 5
8325 5
42536 5
52431 5
14652 5
4681 5
64532 5
53124 5
43625 5
52613 5
52614 5
23146 5
34256 5
62145 5
26435 5
51642 5
16452 5
64521 5
24865 5
43652 5
64253 5
21564 5
68421 5
53241 5
41652 5
1536 5
12564 5
7412 5
82654 5
65428 5
7256 5
3561 5
34562 5
25643 5
52846 5
35412 5
25463 5
25468 5
53621 5
36512 5
54628 5
3165 5
6481 5
56428 5
12543 5
35421 5
8156 5
36215 5
2476 5
45216 5
26841 5
14256 5
7462 5
6153 6
6581 6
4658 6
26154 6
42586 6
62513 6
3514 6
7452 6
4725 6
25436 6
36542 6
64125 6
34521 6
8532 6
5618 6
56213 6
51624 6
51628 6
46512 6
8145 6
8456 6
61254 6
24615 6
4518 6
62415 6
54218 6
63251 6
24168 6
14523 6
14526 6
8465 6
2714 6
45623 6
45621 6
54682 6
53421 6
52143 6
34512 6
52361 6
25164 6
62431 6
56324 6
42568 6
63425 6
1852 6
1856 6
54821 6
58126 6
4361 6
13426 6
3582 6
12456 6
24165 6
5134 6
26143 6
8645 6
8641 6
16542 6
12654 6
2754 6
42653 6
53462 6
21543 6
1685 6
8253 6
8651 6
56284 6
1864 6
4685 6
36254 6
36251 6
54128 6
58426 6
1325 6
5762 6
7421 6
16524 6
36241 6
64523 6
54261 6
54263 6
7124 6
51236 6
62541 6
23564 6
58621 6
1658 6
7625 6
3156 6
3628 6
41265 6
6312 6
6315 6
1352 6
8561 6
45162 6
23456 6
32516 6
36214 6
4631 6
2471 6
36521 6
1365 6
1563 6
6354 7
2815 7
62514 7
7265 7
8164 7
4721 7
61524 7
62453 7
16254 7
23465 7
45268 7
14265 7
8451 7
7542 7
25416 7
52164 7
4513 7
45326 7
1235 7
2483 7
8461 7
6752 7
53426 7
24561 7
7142 7
4182 7
4186 7
8614 7
6742 7
26453 7
4572 7
2148 7
36125 7
1584 7
46213 7
65142 7
4158 7
42563 7
2174 7
61452 7
6274 7
4316 7
34125 7
51682 7
4136 7
56342 7
46152 7
4823 7
183 7
3285 7
3286 7
26415 7
56423 7
2745 7
36412 7
54612 7
8352 7
7426 7
36245 7
4856 7
54268 7
53246 7
6845 7
8234 7
1248 7
15246 7
4613 7
41268 7
3415 7
6851 7
58246 7
1653 7
2835 7
2834 7
56142 7
81462 7
43256 7
65412 7
62543 7
1643 7
54623 7
6485 7
12546 7
26345 7
35426 7
46325 7
63452 7
2675 7
7642 7
54362 7
1482 7
1568 7
1364 7
1865 7
51268 8
52461 8
2638 8
14625 8
5841 8
56824 8
7214 8
5613 8
3824 8
4812 8
6351 8
45263 8
45261 8
52634 8
26543 8
5861 8
52168 8
46215 8
6341 8
6182 8
5672 8
34625 8
34621 8
6431 8
5814 8
21654 8
2538 8
15624 8
45826 8
6534 8
82146 8
4163 8
51326 8
52364 8
34652 8
64152 8
5726 8
4276 8
756 8
3428 8
6724 8
2764 8
1846 8
15264 8
6283 8
36425 8
8654 8
1463 8
1862 8
2741 8
62143 8
2135 8
45236 8
138 8
45126 8
6328 8
6854 8
3154 8
7246 8
3164 8
4271 8
8564 8
4635 8
2674 8
36524 8
51462 8
5631 8
6548 8
2683 9
1285 9
6832 9
56243 9
8152 9
1543 9
4832 9
5472 9
5274 9
5276 9
8632 9
6513 9
2186 9
52163 9
6238 9
26541 9
5816 9
46521 9
52146 9
3651 9
4156 9
54236 9
21465 9
5486 9
5481 9
1453 9
1724 9
26514 9
12465 9
6413 9
5648 9
3852 9
24653 9
24651 9
2385 9
6275 9
3451 9
5742 9
6472 9
56432 9
5681 9
3615 9
2567 9
2368 9
3541 9
6458 9
6435 9
46253 9
46251 9
2134 9
4328 9
8235 9
5413 9
1632 9
2348 9
65421 9
3416 9
5314 9
6582 9
7624 9
1436 9
25641 9
4672 9
2481 9
7241 9
5431 9
4865 9
5143 9
2816 9
475 9
6154 10
56124 10
52643 10
3516 10
1286 10
4382 10
52463 10
2518 10
2845 10
25146 10
2853 10
4172 10
46523 10
56412 10
3482 10
4568 10
5341 10
8412 10
6725 10
2386 10
1842 10
5724 10
5361 10
1263 10
318 10
3614 10
52436 10
3546 10
1258 10
5163 10
5418 10
8342 10
54632 10
51246 10
6823 10
54621 10
8216 10
7254 10
36452 10
8546 10
2814 10
54162 10
2315 11
7264 11
6143 11
4536 11
4821 11
3825 11
4283 11
4281 11
3682 11
8523 11
2184 11
6345 11
54216 11
5468 11
54326 11
4356 11
4615 11
8612 11
4168 11
52346 11
1825 11
8542 11
3862 11
4563 11
3461 11
2547 11
2618 11
5136 11
4312 11
4132 11
3842 11
2574 11
8652 11
8324 11
8326 11
5684 11
2583 11
2746 11
1623 11
6451 11
1528 11
51426 11
6841 11
8236 11
4217 11
1532 11
3564 11
2836 11
65124 11
2657 11
1742 11
8215 11
1428 11
8362 11
471 11
52641 12
1628 12
4257 12
5627 12
65214 12
56214 12
8146 12
8521 12
2438 12
813 12
5182 12
2851 12
2854 12
2158 12
5382 12
3152 12
3248 12
4165 12
2418 12
1582 12
754 12
56241 12
741 12
8425 12
8423 12
8432 12
765 12
54126 12
6453 12
2358 12
714 12
8125 12
3268 12
4862 12
6132 12
1346 12
7245 12
5328 12
1645 12
65241 12
8162 12
476 12
2865 13
1284 13
1342 13
6145 13
5846 13
174 13
1546 13
2843 13
8142 13
2185 13
4516 13
3258 13
2531 13
2147 13
1456 13
6415 13
4365 13
3456 13
8642 13
3284 13
5364 13
4128 13
4127 13
6128 13
2581 13
1253 13
7425 13
5168 13
4586 13
4852 13
3146 13
4218 13
4628 13
4653 13
576 13
1427 13
1362 13
6543 13
2314 14
2863 14
4627 14
2846 14
5267 14
1234 14
2413 14
3654 14
1824 14
1826 14
6257 14
835 14
6527 14
8263 14
2136 14
5832 14
8214 14
3641 14
5283 14
3465 14
5238 14
2384 14
4267 14
8245 14
8251 14
3126 14
3124 14
4231 14
56421 14
6218 14
6812 14
872 14
764 14
674 14
5164 14
2647 14
6852 14
5312 14
3826 14
2486 14
2468 14
1564 14
5634 14
372 15
4651 15
2856 15
5812 15
6258 15
638 15
6528 15
4561 15
3645 15
5132 15
2631 15
1324 15
8124 15
1268 15
2658 15
135 15
1654 15
3162 15
2316 16
1247 16
4286 16
381 16
2513 16
5128 16
8524 16
3512 16
237 16
2417 16
3261 16
1682 16
4238 16
4123 16
4682 16
2351 16
2648 16
4321 16
3142 16
4213 16
8126 16
1465 16
2341 16
6821 16
8562 16
4825 17
8623 17
4285 17
4527 17
8452 17
5463 17
1236 17
148 17
6248 17
6532 17
8426 17
5248 17
5247 17
5643 17
5823 17
746 17
8265 17
5218 17
8254 17
675 17
2356 17
4582 17
2467 17
5427 17
2685 18
4528 18
2457 18
5614 18
385 18
2841 18
5281 18
2153 18
831 18
782 18
2431 18
483 18
5842 18
2613 18
745 18
3125 18
6123 18
3612 18
2361 18
2586 18
3412 18
1432 18
574 18
358 18
3214 18
3215 18
348 19
2684 19
2681 19
2453 19
4532 19
8526 19
6235 19
5461 19
6247 19
3241 19
8261 19
5231 19
5346 19
853 19
8421 19
6284 19
4235 19
1243 19
8462 19
3562 19
6482 19
2861 20
2864 20
683 20
2458 20
3521 20
8625 20
368 20
386 20
6352 20
538 20
6514 20
5862 20
6231 20
815 20
834 20
3265 20
2168 20
2163 20
8243 20
8256 20
2568 20
2365 20
2635 20
3421 20
6321 20
4268 20
6825 20
1423 20
3216 20
728 20
6541 20
273 21
4826 21
3526 21
8621 21
3251 21
4352 21
2485 21
2536 21
2534 21
752 21
5821 21
8246 21
6281 21
1523 21
657 21
5436 21
732 21
2584 21
278 22
4258 22
6427 22
158 22
827 22
618 22
836 22
8241 22
185 22
5682 22
712 22
6842 22
5416 22
5321 22
8624 23
6428 23
2435 23
5482 23
5284 23
6285 23
2143 23
5213 23
6324 23
327 23
3625 23
5146 23
287 23
567 23
5286 24
147 24
2156 24
8264 24
5123 24
4362 24
2548 24
186 24
863 24
5362 24
1265 24
438 24
3542 24
1326 24
2653 24
1652 24
4263 24
3621 24
6824 24
1625 25
4251 25
1542 25
547 25
417 25
2514 25
1425 25
4512 25
816 25
6432 25
3652 25
481 25
851 25
1256 25
1526 25
2354 25
4325 25
6125 25
3524 26
6213 26
6512 26
3256 26
5641 26
457 26
1642 26
467 26
1562 26
6152 27
4253 27
5628 27
5623 27
418 27
2516 27
6342 27
6234 27
814 27
518 27
6253 27
6523 27
5824 27
184 27
315 27
2634 27
762 27
4215 27
6325 27
583 27
5324 27
5428 27
723 27
5632 27
163 28
275 28
1624 28
153 28
2145 28
2436 28
2563 28
2364 28
4216 28
4612 28
271 29
384 29
4523 29
6423 29
3254 29
5268 29
3245 29
843 29
5342 29
2615 29
2614 29
134 29
172 30
5612 30
3264 30
5826 30
658 30
5162 30
2463 30
2451 31
4162 31
1452 31
2165 31
4326 31
2345 31
6142 32
4632 32
168 32
531 32
2416 32
4152 32
865 32
1264 32
4236 32
4125 32
1245 32
431 32
3425 32
845 32
4261 32
5326 32
472 32
6215 33
861 33
721 33
4623 34
413 34
1254 34
631 34
3642 34
2543 34
1462 34
647 34
351 34
6124 34
3452 35
3462 35
485 35
854 35
742 35
613 35
78 35
5124 36
4126 36
2561 36
5142 36
581 36
3624 36
681 37
6214 37
6251 37
4562 37
2164 37
5216 37
314 37
37 37
136 37
572 37
2154 38
361 38
1524 38
513 38
6521 38
5234 38
5236 38
2461 38
5432 38
486 38
726 38
725 38
2415 39
73 39
2564 39
856 39
127 39
468 39
5423 39
274 40
4256 40
276 40
5263 40
3246 40
2643 40
5126 40
648 40
3426 40
1246 40
841 40
2651 40
316 40
2456 41
217 41
672 41
5412 41
2654 41
1426 41
6542 41
685 42
4521 42
2346 42
341 43
2541 43
435 43
5214 43
87 43
4652 44
6421 44
6243 44
2146 44
832 44
635 44
6412 44
864 44
4265 44
6425 45
6254 45
6245 45
846 45
143 45
584 45
653 45
257 45
5243 46
71 46
2645 46
458 46
568 46
356 46
4621 47
365 47
5261 47
6524 47
453 47
724 47
5621 48
238 48
586 48
382 49
684 50
2546 50
182 50
75 50
283 50
548 51
156 51
5642 51
328 51
4526 52
5624 53
4625 53
812 54
823 54
5241 54
634 54
6452 54
536 55
5264 55
615 55
354 55
165 56
6241 56
218 56
2641 56
563 56
128 57
267 58
2465 59
76 59
247 60
534 60
627 61
345 62
415 62
427 62
154 62
5462 63
436 63
145 63
463 63
132 64
5421 64
527 65
312 65
74 66
451 67
164 68
17 68
614 70
364 71
514 71
516 71
416 73
852 75
651 75
643 76
231 77
482 78
5426 78
5246 79
561 79
821 80
123 80
461 80
281 80
213 81
285 81
842 84
825 84
543 85
346 88
146 90
654 90
258 91
235 92
862 92
284 92
248 94
38 94
682 95
456 95
268 95
428 96
83 97
352 97
628 99
47 99
67 100
321 100
57 102
465 102
286 103
18 106
824 107
826 107
645 107
582 107
564 107
532 111
541 112
253 112
632 113
432 114
528 118
641 118
325 121
362 123
236 124
152 129
162 129
612 131
13 134
81 136
512 137
263 138
342 142
234 143
216 144
324 145
423 146
215 147
546 148
31 149
326 149
125 149
251 151
623 153
412 154
72 154
85 155
126 155
142 165
523 167
243 171
214 173
124 177
261 179
48 179
86 185
68 190
35 190
84 192
58 195
421 204
652 209
256 210
521 212
265 212
621 213
27 217
452 220
254 221
241 223
425 225
53 232
245 236
36 237
625 243
624 246
15 246
63 246
462 249
264 249
562 250
16 260
426 261
642 261
542 268
34 270
246 274
524 277
43 282
526 302
51 307
14 315
61 316
41 387
82 393
65 400
45 433
28 435
56 449
32 486
54 488
46 510
64 512
23 554
12 605
21 738
25 885
42 987
52 999
62 1022
24 1030
26 1058
