264513 11
241563 11
563214 12
256134 13
245163 13
534612 13
526134 13
534162 13
546213 13
246513 13
536142 13
254163 14
346152 14
415623 14
563124 14
546123 14
546132 14
256314 14
532461 14
534621 15
562314 15
453162 15
425613 15
415632 15
245613 15
245136 15
425631 15
563142 15
536214 15
256143 15
526314 15
415263 15
562134 15
534261 16
524163 16
265134 16
345162 16
526143 16
536124 16
541623 16
452316 16
246153 16
241356 16
261354 16
265413 16
251634 16
451632 16
526413 16
561324 16
526341 17
326154 17
234165 17
236541 17
561342 17
246135 17
234561 17
264153 17
253146 17
253416 17
532614 17
456213 17
245316 17
524613 17
256413 17
241365 17
234516 17
413625 17
261534 17
265143 17
461532 17
346512 17
534126 17
541632 17
436512 17
356214 17
451362 17
245631 17
562143 17
541263 17
451623 17
456231 17
254316 17
251346 17
532416 17
354612 17
264531 17
345216 17
263154 17
546231 18
563412 18
236154 18
452631 18
541326 18
456321 18
542316 18
532641 18
345612 18
346125 18
536412 18
425163 18
453621 18
523641 18
651342 18
345621 18
251463 18
452613 18
435612 18
235641 18
456123 18
541362 18
345126 18
645123 18
524631 18
543162 18
465123 18
354621 18
354216 18
624513 18
253461 18
465132 18
542163 18
521634 18
236514 18
263415 18
461352 18
241635 18
546312 19
531246 19
256431 19
523461 19
613542 19
235614 19
423651 19
453216 19
324516 19
543216 19
264135 19
513462 19
513642 19
346215 19
451236 19
234651 19
261345 19
542613 19
361542 19
243516 19
264351 19
542631 19
456132 19
412563 19
261543 19
345261 19
356142 19
543612 19
453261 19
254613 19
451263 19
423561 19
526431 19
421365 19
563241 20
613524 20
256341 20
461253 20
213564 20
361524 20
624531 20
641253 20
431625 20
315642 20
514632 20
341625 20
342516 20
435621 20
416352 20
513624 20
254136 20
324615 20
236451 20
524136 20
521463 20
253164 20
461523 20
425316 20
624153 20
452361 20
215634 20
415362 20
614352 20
354162 20
236415 20
534216 20
342561 20
352416 20
413562 20
214563 20
254631 20
531624 20
546321 20
512634 20
543126 20
561432 20
143562 20
524316 21
564321 21
426513 21
462351 21
235416 21
436152 21
413265 21
356124 21
243561 21
456312 21
235164 21
453126 21
523146 21
263145 21
524361 21
243165 21
354126 21
465213 21
264315 21
645132 21
263514 21
536241 21
84512 21
421563 21
465312 21
154632 21
623451 21
561234 21
213654 21
542136 21
634512 21
253641 21
634215 21
425136 21
536421 21
523614 21
543621 21
365124 21
463512 21
234615 21
246531 21
523416 21
364512 21
561243 21
152634 21
251364 21
652134 22
613425 22
564213 22
342615 22
541236 22
365142 22
432651 22
615324 22
431526 22
514362 22
625134 22
263541 22
564312 22
562413 22
413652 22
265314 22
461325 22
625143 22
145632 22
56314 22
253614 22
615342 22
462153 22
365412 22
561423 22
432516 22
243615 22
426153 22
461235 22
652143 22
624135 22
653142 22
613245 22
362154 22
315264 22
412653 22
263451 22
651432 22
423516 22
213465 22
364521 22
325614 22
346521 22
352641 22
642531 22
651324 22
542361 22
415326 22
453612 22
243651 22
245361 22
215463 22
416253 22
642513 22
241653 22
451326 22
521364 22
641523 22
354261 22
324561 23
641532 23
623415 23
623145 23
654123 23
352614 23
231465 23
532146 23
521346 23
341526 23
643251 23
315462 23
531642 23
543261 23
415236 23
615234 23
261435 23
243156 23
516234 23
326415 23
631524 23
615243 23
634125 23
562341 23
426135 23
562431 23
516324 23
425361 23
452163 23
563421 23
361425 23
153462 23
431562 23
564123 23
356421 23
625314 23
423615 23
361254 23
564132 23
324651 23
462135 23
145263 23
645312 23
254361 23
432156 23
136245 23
634521 23
651234 23
423165 23
531426 23
54613 23
231564 23
124563 23
231654 23
653412 23
632415 23
342156 23
645213 23
421356 23
314256 23
531462 23
641352 23
652413 23
54163 23
651423 23
426351 23
132645 24
462513 24
216345 24
261453 24
431652 24
513426 24
236145 24
246315 24
41563 24
435162 24
643521 24
631254 24
341652 24
364152 24
325461 24
426531 24
516423 24
624351 24
465321 24
45631 24
136542 24
214365 24
513264 24
321564 24
361452 24
231546 24
126354 24
653124 24
265431 24
364215 24
435261 24
213645 24
631542 24
413526 24
642153 24
623514 24
463152 24
462531 24
365241 24
143652 24
624315 24
235461 24
436521 24
412365 24
623541 24
346251 24
512364 24
356412 24
612534 24
523164 24
653241 24
452136 24
431265 24
432561 24
24518 24
246351 24
234156 24
651243 24
326514 24
516342 24
362415 24
136452 24
412635 25
351642 25
641325 25
314526 25
623154 25
521436 25
214653 25
52481 25
45316 25
154623 25
356241 25
612543 25
635412 25
514326 25
136524 25
145623 25
152463 25
463215 25
163524 25
413256 25
325641 25
145362 25
634251 25
625413 25
436215 25
364125 25
615423 25
643152 25
613254 25
53461 25
58612 25
421635 25
643125 25
213456 25
342165 25
251436 25
416523 25
315624 25
126345 25
621354 25
135642 25
416325 25
631245 25
341562 25
215643 25
365214 25
54631 25
352461 25
324165 25
216354 25
614325 25
531264 25
613452 25
463125 25
642135 26
235146 26
125634 26
514236 26
631425 26
53614 26
645231 26
426315 26
341265 26
312564 26
46513 26
564231 26
654213 26
142356 26
423156 26
143526 26
143256 26
643512 26
632145 26
645321 26
342651 26
465231 26
216543 26
241536 26
216534 26
463521 26
652314 26
45163 26
621534 26
412356 26
652431 26
632451 26
251643 26
362541 26
213546 26
621435 26
532164 26
615432 26
364251 26
432165 26
134256 26
134652 26
231645 26
643215 26
315426 26
146352 26
432615 26
614532 26
514263 26
134526 26
436125 26
621543 26
653421 26
462315 26
125346 26
265341 26
58261 26
634152 26
635421 27
85612 27
514623 27
654231 27
412536 27
612453 27
56134 27
135624 27
654132 27
134562 27
214356 27
216453 27
642351 27
516432 27
416235 27
435126 27
362514 27
654312 27
612354 27
54316 27
123654 27
365421 27
143625 27
156234 27
326451 27
136254 27
34516 27
621345 27
416532 27
126534 27
326145 27
635241 27
142563 27
631452 28
132654 28
324156 28
632514 28
86512 28
421653 28
231456 28
521643 28
28561 28
632541 28
156342 28
632154 28
612345 28
45182 28
45613 28
654321 28
512346 28
435216 28
156324 28
653214 28
53416 28
625431 28
154362 28
436251 28
54136 28
614523 28
54821 28
361245 28
153624 28
45136 28
635142 28
635214 28
154263 28
642315 29
431256 29
124356 29
463251 29
316524 29
625341 29
315246 29
512643 29
163425 29
215346 29
164523 29
512436 29
316452 29
314562 29
215364 29
153264 29
321546 29
362451 29
362145 29
123465 29
45361 29
156423 29
56182 29
46153 29
135462 29
652341 29
153426 29
53641 29
152346 29
45128 29
125463 29
146532 29
56143 29
512463 29
156432 29
352146 30
145326 30
325416 30
164352 30
614253 30
215436 30
162345 30
612435 30
34615 30
154326 30
162543 30
163542 30
143265 30
25168 30
85132 30
142635 30
164253 30
614235 30
136425 30
351426 30
64513 30
513246 30
134265 30
53146 30
142653 30
312456 30
351624 30
56341 30
316542 30
516243 30
126543 30
153642 30
325164 30
163254 30
635124 30
126453 30
34561 30
81265 30
25481 30
146325 30
641235 30
85621 30
52861 31
36154 31
316254 31
46135 31
28513 31
134625 31
621453 31
351462 31
421536 31
341256 31
214635 31
152643 31
124653 31
351264 31
135426 31
35614 31
165423 31
154236 31
135246 31
124365 31
82651 31
326541 31
314652 31
132564 31
65134 31
314625 31
54361 31
56128 32
123564 32
41365 32
51634 32
28531 32
43165 32
164532 32
123645 32
216435 32
312645 32
43561 32
56431 32
312654 32
42518 32
54812 32
135264 32
52618 32
162453 32
321654 32
163452 32
316425 32
25861 32
351246 32
145236 32
152364 32
156243 32
152436 32
51463 32
84125 33
25618 33
165243 33
125643 33
164325 33
124635 33
123456 33
164235 33
35641 33
82561 33
214536 33
28451 33
43651 33
163245 33
58621 33
352164 33
42851 33
325146 33
81253 33
24851 33
24158 34
165342 34
43516 34
162534 34
61534 34
84251 34
162354 34
86152 34
24163 34
46531 34
48215 34
41528 34
64153 34
85261 34
65143 34
28615 34
146523 34
124536 34
34651 34
153246 34
25813 34
42158 34
321456 34
64531 34
314265 34
142536 34
35416 34
36514 34
146253 34
85312 34
45218 34
142365 34
58213 35
82615 35
41356 35
132465 35
56218 35
58231 35
35461 35
165324 35
64315 35
63415 35
41635 35
65314 35
26518 35
56413 35
43615 35
84521 35
14563 35
312465 35
146235 35
132546 35
165234 35
321465 35
54128 35
85213 35
54281 35
165432 35
58132 35
53812 35
125364 35
312546 35
25318 35
82513 35
81325 35
26158 36
81625 36
46315 36
61354 36
28651 36
64135 36
84152 36
82165 36
58312 36
86125 36
51364 36
61543 36
24815 36
53128 36
61528 36
82135 36
58412 36
81652 36
48512 36
65413 36
85412 36
316245 36
132456 37
52831 37
25418 37
85123 37
53164 37
31528 37
52418 37
321645 37
41653 37
56812 37
82516 37
28165 37
52381 37
125436 37
36415 37
52813 38
31564 38
81562 38
25148 38
43156 38
82153 38
25183 38
52148 38
53218 38
28135 38
65341 38
58123 38
51346 38
48152 38
34165 38
45821 38
15463 38
32518 38
85124 38
85162 38
81532 39
52138 39
56821 39
81352 39
48125 39
24613 39
35128 39
18562 39
58142 39
15634 39
41536 39
51682 39
83512 39
63145 39
51428 39
82156 39
46351 39
65431 39
85142 39
63154 39
51436 39
65128 39
36451 39
85321 40
53281 40
58216 40
36541 40
54182 40
28351 40
51628 40
25138 40
123546 40
31582 40
54218 40
52681 40
28415 40
24581 40
13654 40
58162 40
64351 40
25681 40
52318 40
26413 40
51643 40
14356 40
48521 40
86521 40
63451 40
35164 40
51328 41
126435 41
28153 41
24136 41
81235 41
85231 41
162435 41
56281 41
45812 41
82315 41
24185 41
58126 41
84215 41
36145 41
51268 42
46132 42
82531 42
61345 42
34156 42
52816 42
82451 42
35218 42
83152 42
86251 42
15482 42
31546 42
25184 42
53182 42
82351 42
25831 42
32158 42
52634 42
26314 42
26134 42
48251 42
61435 42
35281 42
15346 42
85216 42
85214 42
21568 42
25816 42
23158 42
52841 42
82514 42
53821 42
31258 42
25841 42
51842 43
58214 43
83125 43
85126 43
85241 43
23518 43
42815 43
45632 43
51482 43
41258 43
24563 43
42185 43
45281 43
23581 43
61453 43
21548 43
15428 43
28516 43
15248 43
51238 43
51248 43
15268 43
81523 43
41582 44
58321 44
14653 44
81425 44
41362 44
52168 44
21658 44
86215 44
25381 44
58124 44
46213 44
31456 44
63514 44
15682 44
63541 44
21358 44
21485 44
54632 44
43162 44
13564 44
42613 44
51382 44
15862 45
51284 45
42581 45
35146 45
81256 45
51832 45
34621 45
51862 45
82154 45
13645 45
24631 45
15832 45
35821 45
26431 45
16528 45
15328 45
28145 45
58241 45
28541 45
8561 45
46123 46
38512 46
28514 46
65182 46
16345 46
427 46
34612 46
16582 46
15826 46
41632 46
82145 46
65821 46
26185 46
31465 46
217 46
14825 46
61582 46
14365 46
28315 46
81452 46
24316 46
65281 46
18265 46
85421 47
13528 47
5861 47
13465 47
32581 47
45623 47
42163 47
34162 47
35812 47
21853 47
42361 47
43612 47
21538 47
68215 47
51824 47
83215 47
23416 47
81524 47
15238 47
83521 47
41263 47
35182 47
31654 47
12548 47
51823 47
257 47
14635 47
15382 47
42631 48
15286 48
41825 48
18625 48
12485 48
65218 48
45263 48
52814 48
42316 48
24361 48
14536 48
82415 48
21458 48
16543 48
18652 48
25814 48
52183 48
41285 48
58421 48
81245 48
15643 48
13546 49
62518 49
23614 49
51826 49
83251 49
13456 49
18452 49
16354 49
18425 49
81542 49
25186 49
13582 49
65812 49
21845 49
41852 49
527 49
61432 49
52184 49
28156 49
16453 49
16534 49
21584 49
21583 49
54623 49
26581 49
25634 49
15628 49
34216 49
23461 50
15436 50
82541 50
4518 50
14852 50
14528 50
15823 50
61825 50
23641 50
32851 50
41623 50
18325 50
12658 50
15364 50
21835 50
53462 50
28154 50
64132 50
21586 50
81526 50
51283 51
51286 51
247 51
5618 51
43216 51
61324 51
62413 51
43621 51
21856 51
12538 51
68512 51
45362 51
62431 51
18235 51
36412 51
18532 51
18253 51
18256 51
31645 51
8531 52
32815 52
21634 52
61258 52
8513 52
68125 52
15283 52
42563 52
12865 52
24653 52
26143 52
18523 52
62158 52
14285 52
81254 52
52186 52
52463 53
26815 53
21385 53
12583 53
8451 53
64123 53
8165 53
5481 53
38125 53
64213 53
41326 53
38215 53
12568 53
24513 53
25463 53
26341 53
43261 54
12835 54
15284 54
13285 54
64321 54
64312 54
13258 54
38152 54
21865 54
42561 54
43562 54
12358 54
21364 54
18245 54
34562 54
36142 54
46312 55
62581 55
23815 55
12845 55
31825 55
8615 55
68152 55
26513 55
56324 55
21854 55
45162 55
34126 55
56342 55
18524 55
8651 55
23164 55
14582 55
32185 55
5318 55
23851 55
46321 55
42136 55
61342 56
53612 56
15842 56
12856 56
12584 56
68251 56
32461 56
21463 56
26851 56
61852 56
46152 56
34261 56
8432 56
54612 56
32416 56
54261 56
14258 56
12458 56
54362 56
12385 56
54621 56
41236 56
14632 56
56234 57
62314 57
62134 57
12853 57
12586 57
63412 57
5813 57
18352 57
23185 57
14362 57
64231 57
23146 57
68521 57
62851 57
38521 57
45261 58
23654 58
31285 58
25614 58
63142 58
34526 58
18542 58
13852 58
25631 58
45326 58
46231 58
25346 58
31852 58
54263 58
61285 58
53261 58
18526 58
52613 58
8153 58
63124 58
24516 58
25316 58
26354 58
127 58
4862 58
13825 58
3518 59
23465 59
54326 59
32614 59
15824 59
24635 59
53162 59
5831 59
36241 59
45612 59
43126 59
64532 59
8135 59
53642 59
38251 59
2483 59
16258 60
42635 60
4826 60
12634 60
26453 60
36124 60
12463 60
52631 60
36421 60
62815 60
52614 60
54126 60
62185 60
46352 60
64523 60
36214 60
21346 60
56124 61
13642 61
32641 61
25613 61
25134 61
25163 61
26534 61
45621 61
53426 61
35642 61
34652 61
8415 61
16435 61
26415 61
43652 61
3158 61
572 61
52643 62
56132 62
51632 62
24615 62
12854 62
61243 62
53624 62
46532 62
24561 62
24365 62
21685 62
56312 62
54236 62
4823 62
53142 62
8516 62
34256 62
4851 62
53246 62
5418 62
4613 62
54162 62
25461 62
53621 62
5381 62
63214 62
24531 62
26154 63
52461 63
53124 63
4815 63
41562 63
5138 63
13462 63
34512 63
56432 63
61234 63
64352 63
42653 63
46253 63
5168 63
64253 63
31642 63
56142 63
25314 63
13624 63
36524 63
8462 63
43265 64
62143 64
56213 64
24153 64
21643 64
46523 64
67 64
24356 64
56321 64
42365 64
23564 64
51362 64
16285 64
43625 64
4832 65
52641 65
36542 65
4283 65
14263 65
26543 65
35462 65
52346 65
16825 65
14623 65
5816 65
25361 65
5681 65
8351 65
8234 65
25641 65
45236 65
5148 65
56214 65
26345 65
63241 65
24536 65
52134 66
172 66
13264 66
62341 66
34625 66
24165 66
53412 66
14326 66
41526 66
45132 66
52364 66
25364 66
8315 66
56412 66
4158 66
54312 66
24651 66
5841 66
56243 66
8514 66
42531 66
53241 66
46325 66
62453 66
26153 67
21436 67
4382 67
25136 67
2846 67
52361 67
63524 67
3248 67
23651 67
4163 67
52163 67
16852 67
35624 67
52314 67
65342 67
53264 67
42536 67
26435 67
45123 67
8156 67
6158 68
61524 68
2843 68
24156 68
8263 68
26514 68
32164 68
42356 68
8423 68
8426 68
52436 68
53126 68
61423 68
3428 68
18254 68
4328 68
1538 68
5184 68
25643 68
45216 68
5183 69
25436 69
4286 69
8632 69
26451 69
23645 69
31624 69
63421 69
35621 69
42516 69
53216 69
31462 69
52316 69
42615 69
4238 69
56423 69
16423 69
31264 69
1548 69
45231 69
2486 69
45126 69
23451 69
472 69
8541 70
52416 70
34521 70
65324 70
46512 70
6518 70
25416 70
25413 70
2438 70
2834 70
41523 70
12685 70
54231 70
3581 70
53214 70
16432 70
35612 70
8236 70
62534 70
26135 70
35412 70
36452 70
56231 71
56123 71
2863 71
43526 71
45312 71
64325 71
5814 71
65234 71
46235 71
3482 71
4563 71
13426 71
4316 71
8243 71
23456 71
54123 71
65432 71
21563 71
41652 71
4268 71
43256 71
32654 72
52136 72
8154 72
41532 72
12364 72
4361 72
42513 72
62345 72
2468 72
42651 72
35426 72
42156 72
1865 72
4581 72
1568 72
51342 72
32651 73
2861 73
46125 73
25431 73
16342 73
8145 73
54216 73
5463 73
64235 73
21654 73
42165 73
63425 73
64512 73
8642 73
16324 73
23561 73
61542 73
51642 73
23541 73
8342 73
6413 73
23154 73
36512 73
65243 73
41352 74
23516 74
63542 74
35264 74
54321 74
46521 74
64125 74
32465 74
12346 74
8261 74
56241 74
8246 74
15362 74
36425 74
52431 74
2648 74
21365 74
1853 74
54132 74
65423 74
8213 74
1358 74
43512 75
8624 75
6428 75
62415 75
32615 75
41253 75
6248 75
35246 75
32146 75
25341 75
52413 75
14562 75
4628 75
65132 75
36254 75
45321 75
8132 75
36245 75
23514 75
2348 75
31426 75
14236 75
26541 76
5186 76
4821 76
8623 76
61352 76
16234 76
57 76
26531 76
53421 76
64152 76
8264 76
32456 76
1856 76
24135 76
31526 76
1845 76
12436 76
23165 76
8324 76
65123 76
8362 76
51263 77
36152 77
32645 77
51623 77
62435 77
1583 77
24351 77
1586 77
32451 77
8412 77
21564 77
16243 77
13246 77
4136 77
34265 77
12643 77
41265 77
26351 77
62543 77
6482 77
35421 77
63452 77
6581 78
61532 78
35261 78
25146 78
52341 78
32564 78
1835 78
8612 78
51326 78
62354 78
26145 78
64521 78
3461 78
3416 78
65124 78
2481 78
4631 78
45213 78
23615 79
6815 79
35142 79
65213 79
31562 79
63254 79
1485 79
17 79
15632 79
15263 79
32561 79
64251 79
1658 79
31246 79
5634 79
61523 80
25143 80
46215 80
54213 80
6431 80
25164 80
31542 80
41625 80
31524 80
32546 80
56421 80
8231 80
23546 80
2831 80
32516 80
51462 80
62513 81
42153 81
43152 81
63245 81
4185 81
35241 81
51324 81
23415 81
4682 81
24315 81
21354 81
46251 81
35214 82
51624 82
3815 82
61253 82
65312 82
52143 82
1584 82
52164 82
32156 82
42351 82
26315 82
34251 82
4218 82
65412 82
41256 82
42135 82
36521 82
35162 82
35216 83
52146 83
2418 83
8312 83
3851 83
23145 83
2836 83
3185 83
65241 83
34215 83
47 83
34152 84
43521 84
35126 84
35124 84
65142 84
3641 84
64215 84
63512 84
6842 84
6851 84
62531 84
5428 84
13652 85
6185 85
2368 85
36125 85
5482 85
62351 85
41325 85
21534 85
2813 85
2684 86
1385 86
61325 86
61254 86
21653 86
21465 86
3862 86
61452 86
32541 86
3842 86
62154 86
3614 86
51426 86
32415 86
51234 86
51236 86
43251 86
15642 86
62451 86
2864 87
8162 87
32154 87
34125 87
62153 87
5361 87
4128 87
8123 87
3268 87
51432 87
23156 87
6134 87
21356 87
15462 87
41235 88
8621 88
62135 88
42315 88
63521 88
65231 88
5248 88
12654 88
21546 88
36251 88
1458 88
13562 88
6328 88
8216 88
6832 88
2638 89
3824 89
65321 89
5461 89
14526 89
15623 89
1854 89
5346 89
2548 89
16542 89
3284 89
32514 89
8326 89
21345 89
6824 89
5631 89
4653 90
65214 90
4812 90
62315 90
15624 90
63152 90
6284 90
1463 90
63125 90
3628 90
4281 90
6314 90
31652 90
36215 90
274 91
2683 91
2841 91
5268 91
15326 91
61245 91
4561 91
2618 91
43125 91
8321 91
51264 91
14256 91
62514 92
61235 92
6143 92
21635 92
31625 92
5832 92
31452 92
16352 92
2384 92
21536 92
14652 92
16524 92
16452 92
5316 93
43215 93
5862 93
6238 93
5382 93
21645 93
843 93
12563 93
15264 93
3826 93
31256 93
8562 93
4536 94
3682 94
4516 94
4365 94
8421 94
31265 94
61425 94
14352 94
31425 94
13625 94
8142 94
8214 94
271 95
5613 95
51246 95
15342 95
5238 95
8241 95
3286 95
2568 95
21456 95
65421 95
62541 95
5314 95
5328 95
5436 95
4528 96
13265 96
5614 96
13526 96
14265 96
32145 96
32165 96
6283 96
863 96
5364 96
15236 96
8126 96
31245 96
6823 96
4635 96
63215 96
2816 96
8532 97
8452 97
6341 97
51423 97
31254 97
13542 98
16254 98
5628 98
2458 98
3528 98
63251 98
2148 98
21435 98
5826 98
6382 98
12456 98
6453 98
12365 98
2658 98
3164 98
486 98
13524 99
2845 99
2538 99
6534 99
834 99
5823 99
5842 99
2386 99
21543 99
62145 99
12635 99
5163 99
15246 99
1364 99
21453 100
4182 100
846 100
5643 100
12645 100
15234 100
2485 100
5682 100
13452 101
5283 101
4356 101
14523 101
2184 101
3654 101
6528 101
5824 101
16245 101
1685 101
8253 101
16425 101
4852 101
4582 101
3146 101
3218 101
2318 102
4258 102
4825 102
4285 102
2853 102
12465 102
3465 102
483 102
12653 102
3456 102
8652 102
15426 102
5416 102
8124 102
51243 102
1634 102
4531 103
5284 103
12345 103
12564 103
3564 103
1346 103
4513 103
3258 104
14325 104
12536 104
8425 104
2584 104
16532 104
3561 104
5431 104
6543 104
4615 105
14532 105
3128 105
2583 105
1862 105
438 105
16523 105
2138 105
8524 105
14625 106
1832 106
2168 106
4156 106
1436 106
6821 106
348 107
16253 107
6513 107
5341 107
13425 107
3582 107
12534 107
1328 107
15432 107
12546 107
6128 107
2814 107
6182 108
5286 108
8542 108
8265 108
8245 108
1482 108
2358 108
2183 109
15324 109
13256 109
16325 109
12435 109
12356 109
8523 109
1428 109
2586 109
5641 110
3281 110
8256 110
12354 110
3546 110
8235 110
3821 111
3812 111
12453 111
13254 111
6415 111
3516 112
4651 112
13245 112
4165 112
1823 112
2381 112
5136 112
6582 112
6812 113
8625 113
1382 113
2854 113
2865 113
5134 113
1248 113
6435 113
2835 113
1643 113
3182 113
14253 113
6345 114
2856 114
3645 114
1842 114
3451 114
15423 114
3651 115
14235 115
4153 115
6218 115
3541 115
5413 115
16235 116
6354 116
1238 116
836 116
648 116
468 116
861 117
864 117
6154 118
2681 118
6531 118
1824 118
8254 118
8352 118
6153 119
1682 119
3615 119
1563 119
1628 120
1284 120
8325 120
15243 120
8526 120
831 120
813 121
1826 121
275 121
6451 121
1268 121
4351 122
5164 122
3156 122
2463 122
12543 122
2518 123
3154 123
4315 124
3415 124
368 124
3514 125
384 125
4135 125
6281 125
6135 125
8512 126
6258 126
5146 126
1283 127
684 127
3285 127
5218 129
6315 129
3165 129
6514 130
683 131
3825 131
6351 131
4362 131
3852 132
1286 133
6541 133
386 134
2186 134
841 134
8215 134
4632 135
2385 135
2634 135
3145 135
1536 135
1365 135
638 136
1654 136
4263 136
8152 137
538 137
8521 137
5812 137
5821 137
1564 137
548 138
8251 138
5182 138
5143 138
816 139
2851 139
6432 139
481 139
1456 140
6145 141
5281 141
5128 141
3462 141
418 143
853 143
4623 144
583 145
1534 146
1465 146
4261 146
2581 147
1356 147
2613 148
4326 148
6852 148
584 148
2815 148
3642 149
2364 149
1653 149
568 149
1546 150
2436 150
814 150
358 150
2413 151
845 151
586 151
2158 152
8125 152
318 152
2643 152
4236 152
6825 152
1645 152
2685 153
4162 153
2461 153
2346 153
1635 153
856 154
4562 155
865 156
1354 156
2431 157
6285 157
458 157
2416 158
618 158
854 159
3412 160
138 160
6423 161
4612 161
183 161
2361 161
1528 161
1435 161
1345 161
2314 162
2641 162
3624 162
835 163
2614 163
4132 163
6243 165
485 165
4312 165
5362 165
3426 165
148 166
184 166
4231 166
658 167
381 167
3261 167
4216 167
2316 168
5263 168
1582 168
6132 168
6342 169
3264 169
4213 169
681 170
1543 170
6234 170
2163 170
6412 170
3612 170
2631 170
6324 170
1453 171
2134 171
5632 171
5462 172
4123 172
2341 172
4621 173
3246 173
4321 173
2185 174
2563 174
168 175
4126 175
1825 178
3421 178
3621 178
3142 180
1852 181
1258 181
2136 181
3162 181
3216 181
1362 181
186 182
4526 184
6213 184
3241 184
5342 184
2465 184
4256 185
6241 185
4652 186
6312 186
5426 187
6142 188
4532 188
5264 188
5642 188
5326 188
2654 189
2534 190
4265 190
385 191
27 191
1285 192
2164 192
3562 192
6124 192
2536 193
5432 193
3214 193
4523 194
5623 194
6421 194
5246 195
2546 195
2653 196
5624 197
2564 197
2456 198
5234 198
3126 198
6452 198
463 198
3124 199
6123 199
6524 200
5324 200
6231 202
518 202
5236 202
1642 202
3452 203
6321 203
2365 204
2453 205
4352 205
3652 205
851 205
3524 206
3542 206
4253 207
6214 207
5261 207
1263 207
5423 207
1342 208
2561 208
1632 208
3526 209
815 209
2645 209
5612 210
1462 210
1432 210
6532 211
2635 211
6542 211
428 213
2143 213
1326 213
2354 213
5312 213
2435 214
742 214
2345 214
4625 215
248 215
842 215
823 216
2146 216
581 216
2513 217
2531 218
824 218
5243 218
482 218
2543 218
685 219
436 219
6523 219
1264 219
724 219
832 220
4325 220
3265 220
1236 221
4235 221
1324 221
1624 222
3425 222
1234 223
284 224
364 226
2356 226
6352 227
6253 227
3625 227
346 228
2451 228
2516 228
6425 228
3256 228
862 228
1623 230
6245 230
5162 230
643 231
1426 231
826 233
5412 233
283 234
6254 235
3245 236
5231 236
5216 236
5213 236
361 238
634 238
3512 239
5621 239
4512 239
3254 239
431 239
1246 239
5321 240
1423 242
158 243
4152 244
413 244
2415 244
5132 245
1243 245
461 245
4521 247
328 247
2651 248
2615 249
416 250
5421 251
6235 252
2351 252
6325 252
563 252
341 255
3521 255
5241 255
613 255
382 256
3152 257
1562 257
6152 258
286 259
316 260
721 260
4251 261
238 261
4215 261
2514 262
5126 262
2541 262
5214 263
314 264
6512 265
185 265
2156 266
641 268
5123 268
2315 268
631 270
752 270
536 271
5124 271
5142 272
3251 273
268 273
2165 275
2154 275
534 277
821 278
456 278
712 279
546 280
2153 282
4125 282
1526 282
2135 282
682 284
628 285
3215 285
136 287
564 287
614 288
163 288
6521 289
465 289
812 294
1652 295
3125 296
1352 296
356 297
74 298
76 299
6125 299
6215 303
365 303
6251 303
1532 304
453 304
134 305
543 306
653 306
281 306
164 307
528 307
1524 307
1265 310
83 311
654 311
725 311
1256 312
84 312
582 312
561 314
1523 315
354 315
1452 316
435 316
2145 317
345 319
1542 320
258 320
531 320
48 323
146 330
1325 330
1235 332
218 333
635 334
645 334
1253 336
1625 337
1245 338
143 338
86 340
852 344
516 346
1254 348
182 349
825 350
1425 352
513 353
38 353
351 356
451 361
128 364
285 368
541 377
71 383
315 383
75 387
415 390
68 395
514 397
615 399
651 402
156 406
432 414
81 419
462 422
362 432
426 432
342 433
153 434
263 434
264 435
165 436
58 438
234 439
246 441
135 442
243 443
423 448
642 454
236 460
326 461
154 462
632 463
624 472
324 472
145 485
18 486
85 486
261 503
623 508
241 522
231 522
421 529
312 533
412 540
321 551
562 551
526 554
612 554
532 556
213 556
72 561
216 574
542 575
524 576
256 580
253 584
452 585
352 587
523 588
621 593
162 600
132 607
214 611
652 617
254 621
36 621
34 625
265 628
43 628
245 629
235 633
126 635
425 642
123 643
63 645
46 645
142 650
325 653
82 654
64 663
124 665
28 682
625 717
31 728
512 771
61 774
521 779
56 789
41 790
251 793
53 798
13 835
35 837
54 844
16 853
152 862
215 864
45 877
65 906
14 910
125 972
51 1095
32 1165
42 1196
23 1214
24 1217
15 1220
26 1238
62 1256
52 1524
21 1603
12 1653
25 1664
