31624 16
17624 18
16234 18
46235 18
71624 19
14325 19
13624 19
32514 19
42635 20
63524 20
35124 20
14253 20
42653 20
76124 20
36452 20
32645 21
13264 21
76214 21
26534 21
15324 21
32614 21
36124 21
12534 21
32164 21
12435 21
46352 21
63214 21
46325 21
71532 22
23517 22
65324 22
62534 22
42165 22
42365 22
72614 22
52317 22
41263 22
31642 22
26573 23
27614 23
64325 23
12764 23
16243 23
52314 23
32175 23
12357 23
73512 23
21764 23
63124 23
25314 23
73265 24
43512 24
24513 24
23514 24
35214 24
51624 24
25143 24
23571 24
45632 24
63254 24
14326 24
63245 24
62435 24
42563 24
62174 24
15372 24
25614 24
16324 24
42351 24
53142 24
53214 24
32765 24
43125 24
65342 24
72164 24
36425 24
15423 24
12643 24
15432 24
32415 24
31275 24
15243 24
21573 24
53172 24
12573 24
26375 25
71526 25
43215 25
65214 25
56214 25
31264 25
26543 25
61324 25
63257 25
23175 25
16274 25
65234 25
42163 25
13254 25
15624 25
14532 25
31524 25
23645 25
32715 25
53217 25
51372 25
26314 25
32517 25
71325 25
63142 25
21364 25
74612 25
42615 25
34215 25
15273 25
56124 26
23614 26
31752 26
31572 26
34521 26
72153 26
62314 26
14265 26
62134 26
13245 26
25317 26
45623 26
24563 26
21647 26
14235 26
71562 26
12674 26
32145 26
31452 26
12537 26
73152 26
75213 26
62714 26
23164 26
73216 26
73215 26
16423 26
53124 26
62143 26
46172 26
36245 26
26435 26
36275 26
13572 26
17264 26
31425 26
25463 26
26174 26
37152 26
31254 26
76132 26
17246 26
63452 26
51342 26
32654 27
46132 27
26714 27
32641 27
46125 27
62453 27
41352 27
42153 27
63275 27
14276 27
35142 27
32675 27
13527 27
45263 27
36172 27
71352 27
14263 27
23675 27
63527 27
32564 27
23715 27
41253 27
46532 27
37512 27
41523 27
67142 27
24635 27
51324 27
61274 27
23751 27
46523 27
41532 27
32451 27
21674 27
32157 27
64352 27
12543 27
13752 27
75321 27
62375 27
64235 27
62573 27
31725 27
72365 27
43652 27
64253 27
12364 27
13642 27
53241 27
31245 27
16273 27
23451 27
27164 27
63725 27
17642 27
56234 28
62514 28
14625 28
21435 28
34152 28
43265 28
13726 28
26147 28
57312 28
71523 28
13524 28
16235 28
12453 28
24617 28
15342 28
54321 28
54326 28
61243 28
25713 28
62753 28
25167 28
41623 28
41325 28
71426 28
76325 28
62173 28
73125 28
42513 28
32154 28
62345 28
21534 28
63752 28
53264 28
63572 28
63172 28
73521 28
34265 28
63542 28
71326 28
21543 28
34251 28
72461 28
23176 28
61423 28
61425 28
17325 28
14352 28
12753 28
32751 28
56372 28
62543 28
26357 28
13625 28
71246 28
73256 28
36524 28
76142 28
32651 29
13542 29
26154 29
64532 29
76125 29
67214 29
61342 29
35217 29
31426 29
32671 29
16724 29
43526 29
74216 29
13275 29
12735 29
76235 29
35271 29
32615 29
36572 29
63241 29
13257 29
35241 29
25164 29
25364 29
75132 29
24351 29
52371 29
36752 29
54312 29
65372 29
32165 29
13425 29
52637 29
21537 29
71235 29
14362 29
31462 29
42613 29
26134 29
76532 29
42651 29
23765 29
53672 29
15234 29
15237 29
46253 29
74162 29
62735 29
71264 29
71462 29
23145 29
32571 29
17462 29
41265 29
12375 29
72351 29
35412 29
27351 29
71642 29
67124 29
31257 29
26345 29
35421 29
73251 29
21357 29
71253 29
54362 29
72163 29
76412 29
65273 30
16253 30
57612 30
42631 30
52736 30
34512 30
16245 30
26143 30
26145 30
53726 30
13265 30
15672 30
23516 30
72135 30
52137 30
35216 30
27153 30
25134 30
36725 30
26735 30
34625 30
25637 30
25634 30
52164 30
37215 30
26537 30
61247 30
32617 30
57321 30
53426 30
41632 30
21643 30
57132 30
52143 30
54231 30
24135 30
31527 30
61452 30
35624 30
25346 30
56243 30
37521 30
34652 30
72315 30
32541 30
16432 30
62154 30
43625 30
62145 30
23576 30
65723 30
64523 30
12365 30
54263 30
26753 30
74621 30
51237 30
65732 30
75623 30
54632 30
37125 30
23157 30
51243 30
65124 30
16325 30
27356 30
35172 30
62537 30
42617 30
65243 30
35426 30
45213 30
67352 30
32657 31
56237 31
52731 31
41562 31
72635 31
26713 31
76152 31
23654 31
27146 31
25617 31
76213 31
52463 31
25137 31
21634 31
13452 31
35264 31
61325 31
16732 31
42315 31
14672 31
24165 31
24163 31
24153 31
76231 31
61427 31
14523 31
35127 31
61245 31
42167 31
42761 31
53762 31
24365 31
76352 31
32465 31
32461 31
35642 31
13652 31
25763 31
74261 31
21463 31
37652 31
26514 31
13725 31
56324 31
62354 31
62357 31
76241 31
42356 31
36721 31
26175 31
27316 31
72146 31
61432 31
52614 31
76521 31
36215 31
24315 31
16524 31
12634 31
34216 31
27461 31
53642 31
23541 31
13762 31
36271 31
56273 31
75621 31
34562 31
16472 31
21345 31
15732 31
27513 31
65241 31
46321 31
35712 31
42135 31
54162 31
67132 31
16425 32
26371 32
52134 32
52643 32
31246 32
75612 32
41235 32
14623 32
16237 32
73652 32
61524 32
25431 32
27651 32
36542 32
75263 32
53721 32
56217 32
43521 32
64321 32
62317 32
76512 32
26731 32
43152 32
63521 32
15327 32
72513 32
52173 32
32416 32
15623 32
31542 32
14236 32
71362 32
52163 32
76253 32
32456 32
63425 32
72613 32
32716 32
56241 32
23651 32
34125 32
23756 32
75326 32
43126 32
27315 32
26135 32
53462 32
37265 32
73526 32
62371 32
23761 32
12436 32
12645 32
12647 32
42531 32
53271 32
52617 32
34256 32
71632 32
57231 32
32567 32
35721 32
21354 32
51642 32
65432 32
71263 32
37625 32
31672 32
51432 32
12564 32
73162 32
56172 32
65423 32
72356 32
26354 32
43251 32
53624 32
36512 32
54623 32
15267 32
36214 32
21476 32
62451 32
14632 32
36142 32
21467 33
17253 33
71623 33
46127 33
16247 33
41362 33
62135 33
35267 33
35462 33
13672 33
52763 33
45321 33
35672 33
65237 33
21654 33
53421 33
45132 33
67325 33
35246 33
24631 33
25367 33
61273 33
16372 33
45612 33
23641 33
26513 33
25173 33
12673 33
32146 33
41625 33
73126 33
24653 33
25341 33
64172 33
37256 33
67532 33
14562 33
53267 33
12345 33
31726 33
23165 33
23167 33
72561 33
23415 33
42536 33
52431 33
36257 33
27416 33
47621 33
51423 33
12635 33
12746 33
36712 33
36241 33
21365 33
54132 33
64217 33
27653 33
32756 33
21376 33
12376 33
27641 33
23154 33
56142 33
43256 33
16275 33
45231 33
52713 33
25731 33
76421 33
15462 33
27365 33
27165 33
36527 33
16254 34
26157 34
74126 34
46312 34
14627 34
41762 34
23617 34
23615 34
61742 34
36412 34
17623 34
17532 34
75261 34
21735 34
14652 34
41726 34
12476 34
23461 34
23465 34
27156 34
65327 34
16723 34
62341 34
14267 34
23671 34
24613 34
52341 34
13627 34
46215 34
61275 34
62413 34
52761 34
27563 34
71625 34
27135 34
16742 34
45621 34
31762 34
52367 34
21645 34
75312 34
54236 34
36125 34
62741 34
52167 34
26517 34
12465 34
73625 34
65142 34
43562 34
21673 34
57123 34
63421 34
75123 34
46123 34
56432 34
75216 34
36421 34
62713 34
76312 34
23564 34
26417 34
52436 34
36254 34
36251 34
62147 34
57162 34
42671 34
63152 34
37621 34
47162 34
26431 34
21375 34
76123 34
26741 34
43162 34
26173 34
21746 34
31265 34
27163 34
56732 34
71256 34
36521 34
15723 34
63215 34
61372 34
35762 34
36152 35
37126 35
67213 35
51273 35
25436 35
63271 35
76215 35
45162 35
61532 35
65321 35
37612 35
21637 35
24176 35
46231 35
12765 35
42316 35
37562 35
54213 35
37216 35
72641 35
34612 35
26453 35
52364 35
76321 35
46217 35
13462 35
56327 35
25376 35
25371 35
42361 35
52376 35
62351 35
62175 35
13426 35
32156 35
17426 35
53216 35
37251 35
14762 35
34126 35
32761 35
26317 35
12654 35
46152 35
72165 35
23567 35
72563 35
73562 35
61542 35
54612 35
24316 35
31267 35
12367 35
75162 35
21563 35
31276 35
51234 35
57623 35
52673 35
14726 35
25643 35
72156 35
64271 35
53712 35
21346 35
15642 35
67123 35
23416 35
26341 35
24716 36
56231 36
62513 36
61237 36
46271 36
13267 36
61352 36
16342 36
46512 36
45312 36
26541 36
12736 36
25413 36
25146 36
46213 36
63412 36
42176 36
63712 36
24167 36
67312 36
23716 36
35726 36
65231 36
75632 36
57326 36
23657 36
73612 36
61472 36
65312 36
25761 36
21465 36
24356 36
76251 36
42561 36
75231 36
41326 36
57261 36
37526 36
71236 36
12653 36
17235 36
52316 36
57213 36
72361 36
26413 36
32176 36
12354 36
36217 36
12637 36
16452 36
21564 36
71265 36
53246 36
67241 36
23156 36
25461 36
56723 36
67235 36
27516 36
15263 36
25673 36
51462 36
27561 36
24531 36
26153 37
21436 37
72416 37
34162 37
43216 37
65217 37
17523 37
13276 37
72651 37
25163 37
61253 37
64132 37
52346 37
62417 37
34621 37
14526 37
35276 37
26531 37
67321 37
26451 37
62431 37
31625 37
73621 37
17562 37
24136 37
63512 37
26471 37
35627 37
46721 37
56342 37
53261 37
51362 37
24671 37
61724 37
61723 37
12346 37
16427 37
42716 37
53127 37
23146 37
61732 37
64521 37
54261 37
67253 37
21453 37
57621 37
56271 37
45123 37
34526 37
63125 37
24516 37
47612 37
31256 37
15264 37
23456 37
14256 37
73261 38
17652 38
53276 38
27615 38
26715 38
17625 38
37162 38
72136 38
51327 38
67412 38
72653 38
24761 38
61257 38
17352 38
53412 38
15326 38
41526 38
53162 38
15632 38
25416 38
43612 38
64213 38
31652 38
67523 38
31526 38
26315 38
24651 38
16572 38
64512 38
52413 38
12463 38
32546 38
12536 38
32167 38
46712 38
26137 38
64231 38
62715 38
34261 38
41672 38
27531 38
15426 38
61725 38
76523 38
15762 38
32561 38
62153 38
12563 38
21567 38
21765 38
56712 38
42136 38
63217 38
61572 38
25641 38
25736 38
54621 38
27635 38
25671 38
32516 38
71652 38
26571 39
65271 39
72631 39
53612 39
62471 39
42156 39
13526 39
16725 39
21635 39
45261 39
31562 39
35261 39
61254 39
24615 39
63251 39
13246 39
35126 39
25716 39
64125 39
52146 39
24561 39
36127 39
67421 39
12467 39
72531 39
67231 39
57236 39
41276 39
75126 39
61234 39
42516 39
16327 39
45362 39
47261 39
15362 39
16542 39
62571 39
21736 39
56423 39
65172 39
46251 39
21367 39
62731 39
41652 39
16532 39
32576 39
51723 39
65421 39
41267 39
45126 39
56312 39
26351 39
65127 39
64712 39
63721 39
45216 39
35162 39
51672 39
41236 40
27613 40
56132 40
25613 40
61523 40
57263 40
61752 40
65213 40
62315 40
51246 40
62137 40
64127 40
7564 40
67152 40
17326 40
72536 40
12675 40
51426 40
64215 40
52634 40
57362 40
27536 40
56421 40
54123 40
5764 40
35612 40
16523 40
51732 40
21763 40
23546 40
12567 40
62541 40
75362 40
64721 40
65412 40
57632 40
62531 40
12546 40
65132 40
65712 40
27361 40
13256 40
21753 40
47126 41
52461 41
47216 41
67215 41
61235 41
56213 41
25316 41
45326 41
21653 41
21657 41
52176 41
15627 41
51326 41
64152 41
25176 41
72615 41
61527 41
51762 41
72316 41
37261 41
23561 41
26415 41
43621 41
41256 41
45236 41
3164 41
27631 41
4635 41
15726 41
51264 42
56127 42
52641 42
62517 42
43261 42
25631 42
12763 42
16352 42
64312 42
46521 42
64123 42
24361 42
6534 42
52361 42
75236 42
35621 42
57216 42
7614 42
21356 42
52671 42
52716 42
53627 42
17632 42
25136 42
51267 43
16257 43
1543 43
52631 43
61327 43
62415 43
54216 43
12456 43
27136 43
41627 43
56412 43
56321 43
21675 43
17362 43
24156 43
12657 43
15236 43
26751 43
15246 43
12756 43
53621 43
21756 43
7645 43
7514 44
52136 44
1764 44
51623 44
72516 44
62751 44
16752 44
25361 44
31627 44
57126 44
3645 44
17236 44
62157 44
53126 44
64251 44
3145 44
17265 44
21576 44
21456 44
12576 44
65123 44
56721 44
3175 44
17256 45
7145 45
4571 45
21546 45
17263 45
13562 45
6314 45
67125 45
15276 45
51263 46
1573 46
52416 46
51632 46
4563 46
1674 46
54126 46
16527 46
65721 46
63127 46
4653 46
7654 46
24536 46
6574 47
7451 47
51627 47
17526 47
4153 47
7164 47
6714 47
1435 47
1364 47
7461 47
56123 48
3514 48
6357 48
5463 48
5714 48
1457 48
3614 48
67512 48
3415 48
5317 48
4517 48
7465 48
6375 49
6174 49
4175 49
4617 49
4365 49
1357 49
21536 49
4315 49
52613 49
1537 49
12356 49
7415 49
7135 49
3157 49
1643 49
7513 50
5674 50
7146 50
4163 50
7153 50
5647 50
1475 50
5431 50
1534 50
51726 50
3154 50
5147 50
5143 50
3571 50
1634 50
6547 50
1375 51
51276 51
6354 51
7546 51
5467 51
7456 51
7154 51
67521 51
5731 51
5746 51
6435 51
5314 51
1647 51
1547 52
6537 52
4567 52
5137 52
3451 52
3564 52
4273 52
6573 53
6143 53
6145 53
7541 53
4513 53
4351 53
7315 53
1574 53
1453 53
1673 53
51236 53
3715 53
4675 53
5174 53
7641 53
6147 54
5614 54
3517 54
3465 54
5341 54
3675 54
5134 54
1463 54
6457 54
5417 54
3765 54
1745 54
6543 54
5637 54
1365 55
1754 55
1376 55
4531 55
5471 55
7365 55
7163 55
3671 55
5741 55
7351 55
3541 55
6134 55
1645 55
1637 55
3751 56
6345 56
7156 56
3461 56
6475 56
6453 56
7613 56
1345 56
4631 56
1746 56
6514 57
4615 57
67251 57
3146 57
7635 57
7653 57
4751 58
6745 58
6417 58
4157 58
3641 58
4135 58
1354 58
1735 58
7356 58
1465 58
5371 58
5763 58
7416 58
5436 58
5634 58
5673 59
4356 59
6753 59
5713 59
5346 59
5376 59
4613 59
3416 59
4671 59
7531 59
3176 59
1753 60
7561 60
5617 60
6173 60
6754 60
7563 60
4576 60
6735 60
3456 60
1476 60
1467 60
3724 60
5761 60
1654 60
6154 61
3756 61
5476 61
6531 61
4165 61
3654 61
3657 61
7165 61
5736 61
6713 61
3617 61
5164 61
5413 61
5173 61
7316 62
5641 62
5643 62
5364 62
1653 62
4715 62
3761 62
1635 62
4657 63
6341 63
6431 63
4176 63
6471 63
7615 63
7432 63
7136 63
7631 63
1436 63
6137 63
7651 63
6175 63
6371 64
4723 64
5461 64
6731 64
6317 64
3165 64
1564 64
7516 65
1765 65
4756 65
4765 65
6741 65
7361 65
3651 65
3274 65
4561 65
4316 65
4651 65
6135 65
3576 65
3615 65
1367 65
6541 65
3742 66
3546 66
3716 66
3567 66
1567 66
3516 67
7234 67
5671 67
1675 67
6451 67
4761 67
1563 67
7324 68
7536 68
6517 68
4516 68
3247 68
4167 68
5367 68
7425 68
3156 68
1346 68
3167 68
1763 69
2734 69
4156 69
4361 69
4136 69
2374 69
5167 69
6315 69
5631 69
4732 70
6571 70
6351 70
6413 70
7342 70
5163 70
4716 70
6153 71
6415 71
4237 71
7245 71
7243 71
7624 72
1546 72
3427 72
5416 72
3561 72
1736 72
6157 73
4536 73
5716 73
5316 73
5146 73
1576 74
7452 74
7214 74
6513 74
4253 74
7142 74
1756 75
7524 75
5361 75
1324 75
7423 75
4235 75
7542 76
6715 76
3264 76
5613 77
2437 77
3245 77
5136 77
1536 77
5176 77
5432 77
7642 77
3524 78
4352 78
4572 78
4372 78
1456 78
7132 78
1657 78
7264 79
1624 79
5372 79
5342 79
2764 79
6274 79
3452 79
7124 79
4325 79
4275 79
2473 79
7462 79
7325 80
4257 80
3472 80
3425 80
4263 80
1356 80
1243 81
5274 81
1724 81
7412 81
1432 81
4265 81
5324 81
7532 82
7235 82
2534 82
2543 82
1274 82
5247 82
7421 82
4327 82
3124 82
6324 82
5423 82
1372 83
3275 83
5742 83
2574 83
7352 83
2743 83
3542 83
3624 83
5427 83
4532 84
3752 84
2573 84
2375 84
3214 84
2435 85
3254 85
7312 85
2174 85
5724 85
3142 85
2674 85
3172 85
4523 86
2457 86
2453 86
7213 86
2714 86
3642 86
2745 86
7246 86
5237 87
5732 87
2347 87
3572 87
1423 87
1342 88
5273 88
6751 88
2357 88
7426 88
2314 89
4632 89
4527 89
1234 89
1237 89
2537 89
2547 89
2475 89
5243 90
2354 90
4267 90
7241 90
6372 91
7326 91
6423 91
1273 91
2364 91
2134 91
7123 91
2345 91
3412 91
3527 92
5472 92
3271 92
5234 92
4132 92
2754 92
7254 92
1427 92
1247 93
1425 93
6724 93
6273 93
2647 93
4725 94
4623 94
4752 94
6342 94
6243 94
3241 94
6742 94
3672 94
2643 94
3421 94
7623 94
3257 94
4271 94
4276 94
3217 94
2317 95
2143 95
4721 95
2514 95
6427 95
7231 95
4172 95
4562 95
3725 95
2634 95
3462 95
7253 95
5327 95
1742 95
6234 96
5462 96
2147 96
2417 96
6732 96
2614 96
1472 96
4127 96
6452 96
2673 96
6214 97
7321 97
2735 97
6524 97
6472 97
2371 97
2746 97
1327 97
3426 97
4672 97
7236 98
6432 98
3712 98
7152 98
1732 98
4217 98
2471 98
3215 98
3267 99
2164 99
2753 99
5214 99
4231 99
4215 99
4236 99
7523 100
7562 100
1723 100
2173 100
4362 100
6275 100
4312 100
7632 100
2654 100
2463 100
6247 101
3127 101
3721 101
4213 101
6124 101
5624 102
4627 102
7215 102
6425 102
5723 102
2413 102
782 102
4123 102
2137 102
7512 102
1245 103
7526 103
4652 103
1264 103
2741 103
2341 103
3246 104
4125 104
2637 104
4625 105
6237 105
2145 105
7362 105
1524 105
1253 105
6327 105
5142 105
2476 105
6142 106
2517 106
3512 106
6245 106
4162 106
6723 106
1462 106
1325 106
2645 106
4712 106
2467 106
6352 107
2436 107
1452 107
3265 107
5124 107
5321 107
4321 107
4256 108
7521 108
2431 108
4512 108
4762 108
7162 108
2713 108
7652 108
728 108
7263 109
4521 109
2736 109
3652 109
5672 109
1275 109
6532 109
5642 109
3251 109
3125 109
7125 109
4326 109
1532 109
5312 109
3152 109
1642 109
5426 109
2315 110
4726 110
2451 110
2731 110
5271 110
2465 110
6254 110
2376 110
2564 110
2367 110
5762 110
5412 110
2346 110
7256 110
5421 110
6542 110
7265 111
4251 111
6572 111
7216 111
2541 111
7612 111
2365 111
3627 111
7621 112
3276 112
2653 112
6241 113
2415 113
2567 113
2635 113
1572 114
3521 114
1542 114
2513 114
1257 114
1623 114
6253 114
5231 114
1523 114
7126 114
7625 114
6325 114
7261 115
4526 115
6421 115
6235 115
5267 115
5246 115
5241 115
2765 115
2571 115
5217 115
3726 115
2641 115
1426 115
3762 115
5712 116
2146 116
6527 116
5726 116
5132 116
2351 116
4612 116
5172 116
374 117
382 117
5721 117
2154 117
2546 117
2756 117
2675 117
6172 118
5264 118
2416 118
2751 118
2153 118
5632 118
5623 119
3526 119
1762 119
6271 119
1235 119
2531 119
823 119
1254 119
1246 119
283 119
1362 119
1725 120
6412 120
3261 120
2135 120
4216 120
7251 120
4261 120
4126 120
2671 120
1527 121
238 121
832 121
2163 121
1672 121
3625 121
1352 121
1276 121
5627 122
6752 122
2715 122
2763 122
1263 122
2563 122
328 122
5326 122
2175 122
827 123
4152 123
6712 123
3612 123
2657 123
2461 123
4621 124
5263 124
6523 124
2176 124
2617 124
1267 124
3162 124
734 124
3216 124
2316 125
3562 125
1752 125
682 125
2456 125
5276 125
3256 125
6132 125
2716 126
5127 126
1632 126
2157 127
745 127
5213 127
5362 127
278 128
2536 128
6257 128
2356 128
2167 129
2361 129
1627 130
6217 130
5236 130
2761 130
743 130
1326 130
3621 130
6213 131
3126 131
2631 131
582 131
2613 132
5612 133
1726 133
6127 133
1236 133
473 133
2576 134
1625 136
6231 136
6725 136
1265 136
6312 136
287 136
2165 137
1562 137
6721 139
764 139
6152 140
2516 140
2136 140
347 141
6521 141
5162 141
6321 141
6125 141
6123 141
5123 142
6215 143
2615 143
182 143
714 144
5621 145
872 145
2651 145
1652 145
6512 146
437 146
435 148
754 149
345 150
174 150
547 150
218 150
2561 150
128 151
258 152
6251 152
5216 152
1526 153
457 153
543 155
741 155
1256 156
453 156
574 156
285 156
528 157
628 157
825 157
364 158
862 158
812 159
143 159
735 159
534 160
314 160
537 161
5261 161
354 161
268 161
2156 162
753 162
746 162
281 163
375 164
147 164
137 164
5126 165
674 165
134 165
417 167
573 167
463 167
475 167
821 173
713 173
173 175
317 175
852 176
647 176
286 176
731 177
357 177
341 178
634 178
84 178
673 179
413 180
145 181
467 181
471 184
346 185
637 185
643 185
48 185
736 186
763 188
431 189
164 190
614 190
465 190
826 190
371 191
645 191
78 195
756 198
654 198
436 199
514 199
564 199
751 200
415 202
476 202
531 204
451 204
715 205
367 206
765 206
541 207
641 208
315 209
456 210
546 211
153 211
517 211
563 211
154 214
635 214
653 214
175 216
761 216
461 217
567 217
376 218
135 219
571 219
146 220
157 221
716 222
83 223
657 224
671 226
163 227
617 227
38 227
365 227
351 229
416 230
742 230
675 230
724 230
167 231
576 234
176 235
513 235
361 245
356 245
342 251
536 251
316 251
631 252
136 253
613 255
324 257
165 258
87 260
732 263
423 264
274 268
427 269
18 270
432 275
68 276
615 276
651 278
58 281
243 283
561 284
234 286
723 286
247 287
156 292
472 301
372 302
425 304
85 304
516 308
81 310
327 311
542 312
452 314
273 320
237 321
245 326
752 329
524 330
124 332
142 333
86 333
254 336
214 339
642 342
624 345
462 348
264 351
721 351
412 356
532 357
725 358
572 359
712 362
352 362
253 371
426 371
235 371
325 372
762 374
421 376
275 377
527 378
172 380
241 383
127 385
132 388
257 389
312 392
523 393
726 395
246 397
672 397
632 400
627 405
217 405
321 418
123 419
271 424
362 424
267 424
231 427
213 431
263 432
623 436
236 445
74 445
326 447
276 448
162 471
265 473
562 473
652 474
512 491
625 501
526 503
152 504
125 504
251 505
612 509
215 512
34 512
28 518
621 524
82 525
73 527
521 528
43 529
256 536
47 539
126 543
261 545
216 549
37 592
45 600
14 619
54 638
75 641
64 643
17 704
71 707
41 708
46 714
57 716
53 725
35 726
76 737
67 759
13 786
63 796
31 814
36 855
65 918
15 964
56 992
51 1005
61 1017
16 1019
42 1053
24 1107
72 1171
32 1354
27 1358
23 1418
52 1675
12 1707
62 1716
25 1737
21 1890
26 1950
